17.0763
17.0763
17.0763
17.0763
17.0763
17.0763
17.0763
17.0763
17.0763
17.0763
17.0763
17.0763
17.0763
17.0763
15.9003
16.7129
16.7129
16.7129
16.7129
16.7129
16.7129
16.7129
16.7129
16.7129
16.7129
16.7129
16.7129
15.4976
15.4976
15.4976
16.3851
16.3851
16.3851
16.3851
16.3851
16.3851
16.3851
15.1343
15.1343
15.1343
16.7129
15.1343
15.1343
15.1343
15.1343
16.0908
16.0908
16.0908
16.0908
16.3772
14.8066
14.8066
14.8066
14.8066
14.8066
14.8066
15.0672
15.0672
15.8261
15.8261
15.8261
15.8261
15.8261
14.5125
14.5125
14.5125
14.5125
16.0809
14.5125
14.5125
14.5125
14.5125
14.7395
15.5871
15.5871
15.5871
15.5871
14.2479
14.2479
14.2479
14.2479
14.2479
14.2479
14.2479
14.2479
14.2479
14.2479
14.2479
15.3719
15.3719
15.3719
15.3719
14.0091
14.0091
14.0091
14.0091
14.0091
14.0091
14.0091
14.0091
14.0091
14.0091
14.0091
15.1783
15.1783
15.1783
13.7939
15.3699
13.7939
13.7939
13.7939
13.7939
13.7939
13.7939
13.7939
13.9656
13.9656
13.9656
15.0045
15.0045
15.0045
13.6004
13.6004
13.6004
13.6004
13.6004
13.6004
13.6004
13.6004
15.1724
13.6004
13.6004
13.7544
14.8485
14.8485
14.8485
13.4267
13.4267
13.4267
13.4267
13.4267
13.4267
13.4267
13.4267
13.4267
13.4267
14.9946
13.4267
14.7082
14.7082
13.2707
13.2707
13.2707
13.2707
13.2707
13.2707
13.2707
13.2707
13.2707
13.2707
13.2707
14.8485
13.2707
14.5818
13.1306
14.6984
13.1306
13.1306
13.1306
13.1306
13.1306
13.2431
13.2431
13.2431
13.2431
14.4673
14.4673
13.0042
13.0042
14.5818
13.0042
13.0042
13.0042
13.0042
13.0042
13.0042
13.0042
14.5818
13.0042
13.1049
13.3939
13.3939
13.3939
14.4673
12.8897
12.8897
12.8897
12.8897
12.8897
14.4673
12.8897
12.8897
14.4673
14.4673
12.8897
12.1884
12.1884
12.1884
12.1884
12.1884
11.9312
11.9312
11.9312
11.9312
11.9312
11.9312
11.9312
11.9312
11.9312
11.9312
11.1112
11.1112
11.1112
11.1112
11.1112
11.1112
10.8574
10.8574
10.8574
10.8574
10.8574
10.8574
10.8574
10.8574
10.8574
10.1365
10.1365
10.1365
9.8978
11.0963
9.8978
9.8978
9.8978
9.8978
9.8978
9.8978
9.8978
9.8978
9.8978
9.8978
9.2644
9.2644
9.2644
9.2644
9.2644
9.2644
9.0295
9.0295
9.0295
9.0295
9.0295
9.0295
9.0295
9.0295
9.0295
8.4693
8.4693
8.4693
8.4693
8.4693
8.4693
8.4693
8.2527
8.2527
8.2527
8.2527
8.2527
8.2527
9.2644
8.2527
7.7768
7.7768
7.7768
7.7768
8.2875
7.5444
7.5444
7.5444
7.5444
7.5444
7.5444
7.5444
7.5444
8.0699
8.0699
7.1356
7.1356
7.1356
7.1356
7.1356
7.1356
6.9275
6.9275
6.9275
6.9275
7.7255
6.9275
6.9275
6.9275
7.3388
6.5713
6.5713
6.5713
6.5713
6.5713
6.5713
6.5713
6.3563
6.3563
6.3563
6.3563
6.3563
6.3563
6.9560
6.7447
6.0583
6.0583
6.0583
6.0583
6.0583
5.8537
5.8537
6.4430
5.8537
5.8537
5.8537
5.8537
5.8537
6.2276
5.5966
5.5966
5.9848
5.3967
5.3967
5.3967
5.3967
5.3967
5.3967
5.3967
5.3967
5.3967
5.3967
5.3967
5.7394
5.1862
5.1862
5.1862
5.1862
4.9854
4.9854
4.9854
4.9854
4.9854
4.9854
5.5966
5.5966
4.9854
4.9854
5.3053
4.8015
4.8015
4.8015
4.8015
4.8015
4.8015
4.6199
4.6199
4.6199
4.6199
4.6199
4.6199
4.6199
4.6199
4.6199
4.8015
4.8015
4.8015
4.8015
4.8015
4.8015
4.2772
4.2772
4.2772
4.2772
4.2772
4.2772
4.2772
4.2772
4.5285
4.6476
3.9801
4.6854
4.6854
3.9801
3.9801
3.9801
3.9801
3.9801
3.9801
3.9801
3.9801
4.1401
4.1401
4.1401
4.5963
4.5963
3.7059
3.7059
3.7059
3.7059
3.7059
3.7059
3.7059
3.7059
3.7059
3.7059
3.7059
3.7059
3.7059
4.5963
4.5963
4.5963
3.6831
3.7059
3.7059
3.7059
3.7059
3.7059
3.7059
3.7059
3.7059
3.7059
3.7059
3.7059
4.5963
4.5963
4.5963
4.5963
4.5963
3.6831
3.6831
4.5976
3.6831
4.5976
3.6831
3.6831
3.6878
4.5963
4.5963
4.5963
4.5963
4.5963
4.5963
4.5963
4.5963
4.5976
3.6831
3.6831
3.6831
3.6831
3.6831
3.6843
4.5963
4.5963
4.5963
4.5963
4.5963
4.5963
4.5963
4.5963
3.6831
3.6831
3.6831
3.6831
3.6831
3.6831
3.6831
4.5963
4.5963
4.5963
4.5963
4.5963
4.5963
4.5963
4.5963
3.6831
3.6831
4.5976
3.6831
3.6831
3.6831
3.6831
4.5963
4.5963
4.5963
4.5963
4.5963
4.5963
4.5963
4.5963
4.5963
3.6831
3.6831
3.6831
3.6831
3.6831
3.6831
4.5963
4.5963
4.5963
4.5963
4.5963
4.5963
4.5963
4.5963
4.5963
4.5963
4.5963
4.5963
3.6831
3.6831
3.6831
4.5963
4.5963
4.5963
4.5963
4.5963
4.5963
4.5963
4.5963
4.5963
4.5963
4.5963
3.6831
3.6831
3.6831
3.6831
4.5963
4.5963
4.5963
4.5963
4.5963
4.5963
4.5963
4.5963
4.5963
4.5963
4.5963
3.6831
3.6831
3.6831
3.6831
4.5963
4.5963
4.5963
4.5963
4.5963
4.5963
4.5963
4.5963
4.5963
4.5963
4.5963
4.5963
3.6831
3.6831
3.6831
4.5963
4.5963
4.5963
4.5963
4.5963
4.5963
4.5963
4.5963
4.5963
4.5963
4.5963
4.5963
4.5963
3.6831
3.6831
4.5963
4.5963
4.5963
4.5963
4.5963
4.5963
4.5963
4.5963
4.5963
4.5963
4.5963
4.5963
3.6831
3.6831
3.6831
4.5963
4.5963
4.5963
4.5963
4.5963
4.5963
4.5963
4.5963
4.5963
4.5963
4.5963
4.5963
3.6831
3.6831
3.6831
4.5963
4.5963
4.5963
4.5963
4.5963
4.5963
4.5963
4.5963
4.5963
4.5963
4.5963
4.5963
3.6831
3.6831
3.6831
4.5963
4.5963
4.5963
4.5963
4.5963
4.5963
4.5963
4.5963
4.5963
4.5963
4.5963
4.5963
3.6831
3.6831
3.6831
4.5963
4.5963
4.5963
4.5963
4.5963
4.5963
4.5963
4.5963
4.5963
4.5963
4.5963
4.5963
4.5963
3.6831
3.6831
4.5963
4.5963
4.5963
4.5963
4.5963
4.5963
4.5963
4.5963
4.5963
4.5963
4.5963
4.5963
3.6831
3.6831
3.6831
4.5963
4.5963
4.5963
4.5963
4.5963
4.5963
4.5963
4.5963
4.5963
4.5963
3.6831
3.6831
3.6831
3.6831
3.6831
4.5963
4.5963
4.5963
4.5963
4.5963
4.5963
3.6831
3.6831
3.6831
3.6831
3.6831
3.6831
3.6831
3.6831
3.6831
4.5963
4.5963
4.5963
4.5963
4.5963
4.5963
4.5963
3.6831
3.6831
3.6831
3.6831
3.6831
3.6831
3.6831
3.6831
4.5963
4.5963
4.5963
3.6831
3.6831
3.6831
3.6831
3.6831
3.6831
3.6831
3.6831
3.6831
3.6831
3.6831
3.6831
4.5963
4.5963
4.5963
4.5963
3.6831
3.6831
3.6831
3.6831
3.6831
3.6831
3.6831
3.6831
3.6831
3.6831
3.6831
4.5963
4.5963
4.5963
4.5963
3.6831
3.6831
3.6831
3.6831
3.6831
3.6831
3.6831
3.6831
3.6831
3.6831
3.6831
4.5963
4.5963
4.5963
4.5963
4.5963
3.6831
3.6831
3.6831
3.6831
3.6831
3.6831
3.6831
3.6831
3.6831
3.6831
4.5963
4.5963
3.6831
3.6831
3.6831
3.6831
3.6831
3.6831
3.6831
3.6831
3.6831
3.6831
3.6831
3.6831
3.6831
4.5963
4.5963
3.6831
3.6831
3.6831
3.6831
3.6831
3.6831
3.6831
3.6831
3.6831
3.6831
3.6831
3.6831
3.6831
4.5963
4.5963
3.6831
3.6831
3.6831
3.6831
3.6831
3.6831
3.6831
3.6831
3.6831
3.6831
3.6831
3.6831
3.6831
4.5963
3.6831
3.6831
3.6831
3.6831
3.6831
3.6831
3.6831
3.6831
3.6831
3.6831
3.6831
3.6831
3.6831
3.6831
3.6831
3.6831
3.6831
3.6831
3.6831
3.6831
3.6831
3.6831
3.6831
3.6831
3.6831
3.6831
3.6831
3.6831
3.6831
3.6831
3.6831
3.6831
3.6831
3.6831
3.6831
3.6831
3.6831
3.6831
3.6831
3.6831
3.6831
3.6831
3.6831
3.6831
3.6831
3.6831
3.6831
3.6831
3.6831
3.6831
3.6831
3.6831
3.6831
3.6831
3.6831
3.6831
3.6831
3.6831
3.6831
3.6831
3.6831
3.6831
3.6831
3.6831
3.6831
3.6831
3.6831
3.6831
3.6831
3.6831
3.6831
3.6831
3.6831
3.6831
3.6831
3.6831
3.6831
3.6831
3.6831
3.6831
3.6831
3.6831
3.6831
3.6831
3.6831
3.6831
3.6831
3.6831
3.6831
3.6831
3.6831
3.6831
3.6831
3.6831
3.6831
3.6831
3.6831
3.6831
3.6831
3.6831
3.6831
3.6831
3.6831
3.6831
3.6831
3.6831
3.6831
3.6831
3.6831
3.6831
3.6831
3.6831
3.6831
3.6831
3.6831
3.6831
3.6831
3.6831
3.6831
3.6831
3.6831
3.6831
3.6831
3.6831
3.6831
3.6831
3.6831
3.6831
3.6831
3.6831
3.6831
3.6831
3.6831
3.6831
3.6831
3.6831
3.6831
3.6831
3.6831
3.6831
3.6831
3.6831
3.6831
3.6831
3.6831
3.6831
3.6831
3.6831
3.6831
3.6831
3.6831
3.6831
3.6831
3.6831
3.6831
3.6831
3.6831
3.6831
3.6831
3.6831
3.6831
3.6831
3.6831
3.6831
3.6831
3.6831
3.6831
3.6831
3.6831
3.6831
3.6831
3.6831
3.6831
3.6831
3.6831
3.6831
3.6831
3.6831
3.6831
3.6831
3.6831
3.6831
3.6831
3.6831
3.6831
3.6831
3.6831
3.6831
3.6831
3.6831
3.6831
3.6831
3.6831
3.6831
3.6831
3.6831
3.6831
3.6831
3.6831
3.6831
3.6831
3.6831
3.6831
3.6831
3.6831
3.6831
3.6831
3.6831
3.6831
3.6831
3.6831
3.6831
3.6831
3.6831
3.6831
3.6831
3.6831
3.6831
3.6831
3.6831
3.6831
3.6831
3.6831
3.6831
3.6831
3.6831
3.6831
3.6831
3.6831
3.6831
3.6831
3.6831
3.6831
3.6831
3.6831
3.6831
3.6831
3.6831
3.6831
3.6831
3.6831
3.6831
3.6831
3.6831
3.6831
3.6831
3.6831
3.6831
3.6831
3.6831
3.6831
3.6831
3.6831
3.6831
3.6831
3.6831
3.6831
3.6831
3.6831
3.6831
3.6831
3.6831
3.6831
3.6831
3.6831
3.6831
3.6831
3.6831
3.6831
3.6831
3.6831
3.6831
3.6831
3.6831
3.6831
3.6831
3.6831
3.6831
3.6831
3.6831
3.6831
3.6831
3.6831
3.6831
3.6831
3.6831
3.6831
3.6831
3.6831
3.6831
3.6831
3.6831
3.6831
3.6831
3.6831
3.6831
3.6831
3.6831
3.6831
3.6831
3.6831
3.6831
3.6831
3.6831
3.6831
3.6831
3.6831
3.6831
3.6831
3.6831
3.6831
3.6831
3.6831
3.6831
3.6831
3.6831
3.6831
3.6831
3.6831
3.6831
3.6831
3.6831
3.6831
3.6831
3.6831
3.6831
3.6831
3.6831
3.6831
3.6831
3.6831
3.6831
3.6831
3.6831
3.6831
3.6831
3.6831
3.6831
3.6831
3.6831
3.6831
3.6831
3.6831
3.6831
3.6831
3.6831
3.6831
3.6831
3.6831
3.6831
3.6831
3.6831
3.6831
3.6831
3.6831
3.6831
3.6831
3.6831
3.6831
3.6831
3.6831
3.6831
3.6831
3.6831
3.6831
3.6831
3.6831
3.6831
3.6831
3.6831
3.6831
3.6831
3.6831
3.6831
3.6831
3.6831
3.6831
3.6831
3.6831
3.6831
3.6831
3.6831
3.6831
3.6831
3.6831
3.6831
3.6831
3.6831
3.6831
3.6831
3.6831
3.6831
3.6831
3.6831
3.6831
3.6831
3.6831
3.6831
3.6831
3.6831
3.6831
3.6831
3.6831
3.6831
3.6831
3.6831
3.6831
3.6831
3.6831
3.6831
3.6831
3.6831
3.6831
3.6831
3.6831
3.6831
3.6831
3.6831
3.6831
3.6831
3.6831
3.6831
3.6831
3.6831
3.6831
3.6831
3.6831
3.6831
3.6831
3.6831
3.6831
3.6831
3.6831
3.6831
3.6831
3.6831
3.6831
3.6831
3.6831
3.6831
3.6831
3.6831
3.6831
3.6831
3.6831
3.6831
3.6831
3.6831
3.6831
3.6831
3.6831
3.6831
3.6831
3.6831
3.6831
3.6831
3.6831
3.6831
3.6831
3.6831
3.6831
3.6831
3.6831
3.6831
3.6831
3.6831
3.6831
3.6831
3.6831
3.6831
3.6831
3.6831
3.6831
3.6831
3.6831
3.6831
3.6831
3.6831
3.6831
3.6831
3.6831
3.6831
3.6831
3.6831
3.6831
3.6831
3.6831
3.6831
3.6831
3.6831
3.6831
3.6831
3.6831
3.6831
3.6831
3.6831
3.6831
3.6831
3.6831
3.6831
3.6831
3.6831
3.6831
3.6831
3.6831
3.6831
3.6831
3.6831
3.6831
3.6831
3.6831
3.6831
3.6831
3.6831
3.6831
3.6831
3.6831
3.6831
3.6831
3.6831
3.6831
3.6831
3.6831
3.6831
3.6831
3.6831
3.6831
3.6831
3.6831
3.6831
3.6831
3.6831
3.6831
3.6831
3.6831
3.6831
3.6831
3.6831
3.6831
3.6831
3.6831
3.6831
3.6831
3.6831
3.6831
3.6831
3.6831
3.6831
3.6831
3.6831
3.6831
3.6831
3.6831
3.6831
3.6831
3.6831
3.6831
3.6831
3.6831
3.6831
3.6831
3.6831
3.6831
3.6831
3.6831
3.6831
3.6831
3.6831
3.6831
3.6831
3.6831
3.6831
3.6831
3.6831
3.6831
3.6831
3.6831
3.6831
3.6831
3.6831
3.6831
3.6831
3.6831
3.6831
3.6831
3.6831
3.6831
3.6831
3.6831
3.6831
3.6831
3.6831
3.6831
3.6831
3.6831
3.6831
3.6831
3.6831
3.6831
3.6831
3.6831
3.6831
3.6831
3.6831
3.6831
3.6831
3.6831
3.6831
3.6831
3.6831
3.6831
3.6831
3.6831
3.6831
3.6831
3.6831
3.6831
3.6831
3.6831
3.6831
3.6831
3.6831
3.6831
3.6831
3.6831
3.6831
3.6831
3.6831
3.6831
3.6831
3.6831
3.6831
3.6831
3.6831
3.6831
3.6831
3.6831
3.6831
3.6831
3.6831
3.6831
3.6831
3.6831
3.6831
3.6831
3.6831
3.6831
3.6831
3.6831
3.6831
3.6831
3.6831
3.6831
3.6831
3.6831
3.6831
3.6831
3.6831
3.6831
