0 - [ 139  65  154  229  201  89  61  210  43  112  108  50  214  193  205  ]
1 - [ 253  276  294  301  319  332  245  286  346  297  340  308  300  290  328  ]
2 - [ 365  380  455  462  354  396  383  358  435  458  464  376  391  373  362  ]
3 - [ 560  536  515  545  561  471  579  494  574  483  487  508  546  ]
4 - [ 591  655  659  671  670  632  616  613  606  599  594  590  635  648  592  ]
5 - [ 681  743  728  696  735  759  755  774  740  709  783  720  692  767  756  ]
6 - [ 899  835  856  798  836  802  828  813  825  843  864  831  821  910  868  ]
7 - [ 913  1017  961  949  1002  953  957  996  1025  969  958  1005  918  926  1014  ]
8 - [ 1129  1071  1037  1078  1048  1077  1133  1059  1096  1097  1100  1127  1032  1028  1094  ]
9 - [ 1157  1144  1216  1169  1160  1220  1232  1197  1148  1240  1205  1221  1248  1214  1233  ]
10 - [ 1300  1333  1307  1299  1283  1292  1317  1341  1318  1288  1334  1361  1280  1347  1354  ]
11 - [ 1464  1436  1457  1418  1460  1490  1440  1441  1465  1477  1469  1438  ]
12 - [ 1554  1503  1543  1494  1526  1574  1522  1579  1547  1527  1507  1534  1555  1495  1550  ]
13 - [ 1690  1662  1621  1623  1610  1657  1646  1645  1689  1693  1682  1705  1626  1625  1694  ]
14 - [ 1713  1781  1757  1805  1802  1782  1769  1786  1793  1718  1734  1810  1729  1821  1709  ]
15 - [ 1833  1903  1849  1944  1862  1837  1911  1935  1861  1899  1907  1915  1842  1866  1829  ]
16 - [ 1972  1951  1967  2040  2046  1964  1963  2028  1975  2055  1947  2023  2019  2032  2008  ]
17 - [ 2098  2111  2175  2115  2155  2068  2118  2167  2130  2171  2080  2131  2087  2067  2071  ]
18 - [ 2186  2281  2245  2202  2258  2257  2254  2219  2198  2289  2266  2302  2190  2218  2294  ]
19 - [ 2365  2338  2395  2366  2394  2357  2388  2376  2309  2407  2408  2411  2416  2343  2339  ]
20 - [ 2423  2518  2535  2531  2475  2503  2463  2458  2523  2495  2532  2447  2522  2440  2488  ]
21 - [ 2595  2627  2559  2539  2638  2653  2614  2654  2578  2630  2626  2603  2615  2584  2548  ]
22 - [ 2677  2760  2752  2698  2717  2757  2748  2715  2710  2681  2657  2658  2738  2692  ]
23 - [ 2873  2860  2831  2809  2821  2796  2804  2844  2808  2869  2793  2792  2877  2836  2882  ]
24 - [ 2956  2995  2920  2888  2976  2939  2972  2967  2923  2900  2889  2933  2951  2984  2897  ]
25 - [ 3108  3112  3056  3068  3092  3083  3019  3063  3012  3087  3028  3055  3099  3008  3040  ]
26 - [ 3161  3243  3208  3188  3239  3165  3225  3128  3143  3127  3211  3171  3229  3148  3235  ]
27 - [ 3316  3253  3350  3334  3272  3325  3288  3326  3344  3356  3300  3265  3266  3263  3282  ]
28 - [ 3361  3392  3466  3449  3409  3425  3462  3360  3470  3417  3410  3379  3426  3437  3406  ]
29 - [ 3555  3527  3499  3511  3567  3487  3539  3491  3483  3495  3519  3543  3579  3523  3587  ]
30 - [ 3661  3649  3707  3696  3610  3711  3638  3686  3614  3705  3703  3657  3625  ]
31 - [ 3734  3813  3726  3769  3746  3715  3757  3793  3807  3789  3777  3750  3805  3722  3775  ]
32 - [ 3844  3840  3851  3891  3863  3859  3832  3848  3821  3898  3906  3879  3910  3922  3867  ]
33 - [ 4016  3965  3969  3976  3938  4004  4028  3950  4048  3958  4002  4036  4012  3992  4008  ]
34 - [ 4112  4168  4164  4144  4124  4140  4076  4100  4052  4092  4152  4104  4108  4068  4156  ]
35 - [ 4276  4240  4200  4244  4224  4196  4172  4287  4248  4252  4180  4260  4256  4236  4204  ]
36 - [ 4346  4382  4362  4358  4330  4350  4314  4326  4334  4299  4318  4370  4390  4374  4291  ]
37 - [ 4524  4481  4426  4418  4516  4410  4446  4470  4474  4458  4454  4520  4489  4508  4485  ]
38 - [ 4580  4643  4556  4615  4548  4532  4607  4619  4596  4639  4631  4564  4611  4600  4560  ]
39 - [ 4703  4707  4683  4727  4647  4743  4747  4659  4691  4763  4687  4711  4651  4759  4671  ]
40 - [ 4876  4810  4872  4787  4868  4818  4771  4802  4856  4880  4836  4798  4775  4821  4779  ]
41 - [ 4932  4908  4916  4928  4904  4979  4892  4912  4991  4952  4994  4888  4884  4967  4971  ]
42 - [ 5009  5092  5041  5115  5060  5033  5052  5080  5037  5045  5111  5013  5068  5107  5072  ]
43 - [ 5159  5205  5155  5143  5185  5193  5147  5174  5229  5178  5135  5189  5151  5221  5225  ]
44 - [ 5268  5280  5343  5320  5284  5241  5300  5308  5260  5339  5304  5249  5324  5316  5253  ]
45 - [ 5383  5470  5355  5411  5395  5423  5403  5391  5379  5466  5450  5415  5419  5427  5367  ]
46 - [ 5490  5546  5550  5542  5565  5573  5585  5514  5534  5577  5569  5561  5538  5478  5502  ]
47 - [ 5697  5633  5597  5593  5629  5605  5649  5637  5685  5673  5601  5701  5621  5681  5661  ]
48 - [ 5828  5808  5784  5777  5749  5721  5820  5729  5773  5788  5792  5725  5769  5765  5781  ]
49 - [ 5888  5907  5856  5872  5915  5923  5935  5903  5884  5880  5848  5832  5864  5927  5899  ]
50 - [ 6013  6056  5993  6009  5973  6005  5981  5949  6060  5977  6052  6021  6017  6040  5965  ]
51 - [ 6177  6154  6146  6150  6142  6138  6134  6107  6130  6173  6095  6118  6181  6083  6087  ]
52 - [ 6205  6251  6237  6244  6286  6189  6259  6294  6241  6255  6185  6263  6290  6271  6233  ]
53 - [ 6360  6309  6408  6301  6380  6372  6353  6317  6321  6349  6305  6396  6388  6341  6329  ]
54 - [ 6424  6519  6492  6523  6488  6440  6464  6452  6503  6511  6432  6507  6527  6531  6420  ]
55 - [ 6610  6590  6614  6554  6622  6598  6562  6566  6630  6642  6606  6594  6547  6654  6539  ]
56 - [ 6729  6718  6674  6725  6753  6710  6706  6737  6765  6658  6694  6761  6662  6773  6769  ]
57 - [ 6809  6821  6848  6837  6797  6852  6833  6860  6868  6880  6781  6825  6856  6888  6813  ]
58 - [ 7009  6999  6951  6923  6919  6896  6991  6963  6967  6903  6955  6935  6907  6947  6931  ]
59 - [ 7040  7104  7072  7068  7084  7044  7092  7088  7036  7108  7021  7128  7052  7033  7112  ]
60 - [ 7188  7200  7204  7140  7132  7144  7228  7176  7244  7224  7240  7216  7220  7212  7192  ]
61 - [ 7355  7291  7351  7303  7323  7359  7327  7363  7295  7307  7343  7331  7347  7339  7264  ]
62 - [ 7442  7450  7430  7446  7398  7394  7391  7434  7485  7478  7481  7410  7379  7454  7426  ]
63 - [ 7569  7561  7533  7541  7601  7585  7589  7545  7513  7605  7577  7593  7509  7501  7489  ]
64 - [ 7609  7629  7659  7632  7714  7687  7699  7625  7644  7691  7636  7711  7617  7655  7683  ]
65 - [ 7770  7754  7836  7774  7746  7734  7730  7824  7790  7809  7742  7778  7840  7832  7758  ]
66 - [ 7894  7848  7910  7942  7914  7871  7926  7906  7930  7844  7863  7918  7855  7934  7954  ]
67 - [ 8054  8062  7962  8002  7990  8046  8050  8078  8026  8034  7966  7974  8010  7978  8006  ]
68 - [ 8183  8113  8160  8194  8168  8148  8110  8129  8164  8121  8187  8090  8098  8137  8144  ]
69 - [ 8198  8226  8258  8246  8234  8262  8273  8206  8292  8308  8266  8210  8254  8304  8289  ]
70 - [ 8392  8415  8340  8411  8407  8396  8388  8344  8431  8348  8376  8364  8360  8328  8336  ]
71 - [ 8535  8447  8435  8543  8503  8443  8519  8527  8451  8463  8483  8495  8507  8471  8523  ]
72 - [ 8567  8586  8582  8610  8559  8634  8641  8575  8579  8661  8590  8598  8606  8657  8665  ]
73 - [ 8681  8757  8741  8685  8696  8753  8726  8765  8715  8737  8773  8692  8776  8745  8783  ]
74 - [ 8825  8860  8852  8896  8790  8880  8848  8805  8876  8892  8798  8900  8802  8821  8817  ]
75 - [ 9000  8928  8960  8904  8980  8952  9008  8976  8988  8936  8944  8972  9004  9016  9020  ]
76 - [ 9060  9095  9076  9111  9107  9036  9044  9103  9072  9048  9091  9056  9068  9131  9135  ]
77 - [ 9159  9246  9167  9151  9155  9187  9226  9222  9234  9147  9179  9214  9203  9258  9242  ]
78 - [ 9302  9321  9325  9345  9375  9270  9349  9317  9341  9356  9262  9333  9266  9353  9306  ]
79 - [ 9386  9461  9468  9402  9476  9414  9418  9394  9464  9433  9472  9382  9429  9484  9437  ]
80 - [ 9578  9598  9496  9516  9602  9508  9504  9610  9532  9586  9543  9524  9558  9539  9562  ]
81 - [ 9721  9638  9713  9682  9642  9674  9729  9717  9666  9690  9705  9626  9658  9654  9630  ]
82 - [ 9801  9793  9773  9824  9812  9781  9816  9741  9820  9785  9769  9804  9777  9836  9749  ]
83 - [ 9919  9888  9884  9892  9947  9951  9963  9923  9911  9927  9896  9908  9967  9912  9935  ]
84 - [ 10029  9998  10013  10025  10032  10009  9990  9971  10064  9986  10072  10044  10076  10080  10048  ]
85 - [ 10164  10112  10180  10156  10132  10152  10136  10148  10168  10192  10108  10128  10196  10104  10172  ]
86 - [ 10254  10266  10207  10219  10231  10215  10308  10250  10262  10297  10258  10301  10239  10235  10316  ]
87 - [ 10380  10416  10370  10377  10404  10327  10436  10350  10362  10384  10396  10392  10424  10388  10432  ]
88 - [ 10488  10516  10440  10484  10548  10464  10504  10476  10544  10528  10532  10536  10460  10492  10468  ]
89 - [ 10633  10570  10614  10582  10661  10637  10586  10590  10669  10563  10649  10657  10653  10578  10618  ]
90 - [ 10745  10725  10721  10677  10737  10757  10765  10689  10785  10729  10773  10761  10713  10733  10789  ]
91 - [ 10884  10836  10904  10832  10840  10912  10844  10848  10880  10804  10824  10808  10828  10908  10876  ]
92 - [ 10916  11020  10972  11012  11024  10996  10988  10919  10943  10992  11028  10962  10958  11000  11004  ]
93 - [ 11139  11040  11052  11127  11048  11104  11060  11147  11032  11112  11092  11143  11080  11100  11135  ]
94 - [ 11207  11219  11227  11246  11250  11163  11258  11235  11261  11223  11199  11159  11151  11171  11211  ]
95 - [ 11269  11337  11297  11325  11301  11285  11333  11293  11353  11305  11321  11277  11309  11281  11349  ]
96 - [ 11448  11444  11396  11451  11495  11499  11503  11436  11463  11491  11428  11424  11404  11392  11416  ]
97 - [ 11543  11527  11515  11535  11621  11519  11511  11563  11567  11613  11531  11606  11610  11559  11602  ]
98 - [ 11669  11649  11653  11645  11681  11685  11673  11689  11733  11725  11701  11717  11633  11693  11709  ]
99 - [ 11803  11795  11760  11855  11756  11835  11764  11847  11851  11768  11827  11752  11744  11787  11772  ]
