0 - [ 1433  ]
1 - [ 1433  ]
2 - [ 1435  ]
3 - [ 1435  ]
4 - [ 1435  ]
5 - [ 1435  ]
6 - [ 1435  ]
7 - [ 1435  ]
8 - [ 1435  ]
9 - [ 1435  ]
10 - [ 1435  ]
11 - [ 1444  1435  ]
12 - [ 1435  1444  ]
13 - [ 1444  1435  ]
14 - [ 1435  1444  ]
15 - [ 1444  1435  ]
16 - [ 1444  1435  ]
17 - [ 1444  1435  ]
18 - [ 1444  1435  ]
19 - [ 1435  1444  ]
20 - [ 1444  1435  ]
21 - [ 1444  1435  ]
22 - [ 1444  1435  ]
23 - [ 1435  1444  ]
24 - [ 1435  1444  ]
25 - [ 1435  1444  ]
26 - [ 1459  1435  ]
27 - [ 1435  1459  ]
28 - [ 1459  1435  ]
29 - [ 1459  1435  ]
30 - [ 1459  1435  ]
31 - [ 1435  1459  ]
32 - [ 1435  1459  ]
33 - [ 1435  1459  ]
34 - [ 1435  1459  ]
35 - [ 1459  1435  ]
36 - [ 1435  1459  ]
37 - [ 1435  1459  ]
38 - [ 1435  1459  ]
39 - [ 1435  1459  ]
40 - [ 1435  1459  ]
41 - [ 1459  1435  ]
42 - [ 1459  1435  ]
43 - [ 1435  1459  ]
44 - [ 1459  1435  ]
45 - [ 1459  1435  ]
46 - [ 1459  1435  ]
47 - [ 1459  1435  ]
48 - [ 1459  1435  ]
49 - [ 1435  1459  ]
50 - [ 1459  1435  ]
51 - [ 1459  1435  ]
52 - [ 1459  1435  ]
53 - [ 1459  1435  ]
54 - [ 1459  1435  ]
55 - [ 1459  1435  ]
56 - [ 1435  1459  ]
57 - [ 1435  1459  ]
58 - [ 1459  1435  ]
59 - [ 1435  1459  ]
60 - [ 1459  1435  ]
61 - [ 1435  1459  ]
62 - [ 1435  1459  ]
63 - [ 1459  1435  ]
64 - [ 1459  1435  ]
65 - [ 1435  1459  ]
66 - [ 1435  1459  ]
67 - [ 1459  1435  ]
68 - [ 1435  1459  ]
69 - [ 1435  1459  ]
70 - [ 1435  1459  ]
71 - [ 1459  1435  ]
72 - [ 1435  1459  ]
73 - [ 1459  1435  ]
74 - [ 1435  1459  ]
75 - [ 1435  1459  ]
76 - [ 1435  1459  ]
77 - [ 1459  1435  ]
78 - [ 1435  1459  ]
79 - [ 1435  1459  ]
80 - [ 1459  1435  ]
81 - [ 1459  1435  ]
82 - [ 1459  1435  ]
83 - [ 1459  1435  ]
84 - [ 1435  1459  ]
85 - [ 1459  1435  ]
86 - [ 1435  1459  ]
87 - [ 1435  1459  ]
88 - [ 1459  1435  ]
89 - [ 1435  1459  ]
90 - [ 1435  1459  ]
91 - [ 1435  1459  ]
92 - [ 1459  1435  ]
93 - [ 1459  1435  ]
94 - [ 1435  1459  ]
95 - [ 1459  1435  ]
96 - [ 1459  1435  ]
97 - [ 1459  1435  ]
98 - [ 1435  1459  ]
99 - [ 1459  1435  ]
100 - [ 1459  1435  ]
101 - [ 1459  1435  ]
102 - [ 1459  1435  ]
103 - [ 1435  1459  ]
104 - [ 1459  1435  ]
105 - [ 1435  1459  ]
106 - [ 1435  1459  ]
107 - [ 1435  1459  ]
108 - [ 1459  1435  ]
109 - [ 1435  1459  ]
110 - [ 1459  1435  ]
111 - [ 1435  1459  ]
112 - [ 1459  1435  ]
113 - [ 1459  1435  ]
114 - [ 1459  1435  ]
115 - [ 1435  1459  ]
116 - [ 1459  1435  ]
117 - [ 1435  1459  ]
118 - [ 1435  1459  ]
119 - [ 1459  1435  ]
120 - [ 1459  1435  ]
121 - [ 1459  1435  ]
122 - [ 1435  1459  ]
123 - [ 1459  1435  ]
124 - [ 1435  1459  ]
125 - [ 1459  1435  ]
126 - [ 1435  1459  ]
127 - [ 1459  1435  ]
128 - [ 1459  1435  ]
129 - [ 1459  1435  ]
130 - [ 1435  1459  ]
131 - [ 1459  1435  ]
132 - [ 1435  1459  ]
133 - [ 1459  1435  ]
134 - [ 1459  1435  ]
135 - [ 1435  1459  ]
136 - [ 1459  1435  ]
137 - [ 1459  1435  ]
138 - [ 1459  1435  ]
139 - [ 1459  1435  ]
140 - [ 1435  1459  ]
141 - [ 1459  1435  ]
142 - [ 1459  1435  ]
143 - [ 1435  1459  ]
144 - [ 1435  1459  ]
145 - [ 1459  1435  ]
146 - [ 1435  1459  ]
147 - [ 1459  1435  ]
148 - [ 1459  1435  ]
149 - [ 1459  1435  ]
150 - [ 1435  1459  ]
151 - [ 1459  1435  ]
152 - [ 1459  1435  ]
153 - [ 1459  1435  ]
154 - [ 1435  1459  ]
155 - [ 1435  1459  ]
156 - [ 1435  1459  ]
157 - [ 1435  1459  ]
158 - [ 1435  1459  ]
159 - [ 1459  1435  ]
160 - [ 1459  1435  ]
161 - [ 1435  1459  ]
162 - [ 1459  1435  ]
163 - [ 1435  1459  ]
164 - [ 1435  1459  ]
165 - [ 1459  1435  ]
166 - [ 1459  1435  ]
167 - [ 1435  1459  ]
168 - [ 1459  1435  ]
169 - [ 1435  1459  ]
170 - [ 1435  1459  ]
171 - [ 1459  1435  ]
172 - [ 1459  1435  ]
173 - [ 1435  1459  ]
174 - [ 1435  1459  ]
175 - [ 1459  1435  ]
176 - [ 1435  1459  ]
177 - [ 1435  1459  ]
178 - [ 1459  1435  ]
179 - [ 1435  1459  ]
180 - [ 1435  1459  ]
181 - [ 1459  1435  ]
182 - [ 1435  1459  ]
183 - [ 1435  1459  ]
184 - [ 1435  1459  ]
185 - [ 1435  1459  ]
186 - [ 1435  1459  ]
187 - [ 1459  1435  ]
188 - [ 1459  1435  ]
189 - [ 1435  1459  ]
190 - [ 1459  1435  ]
191 - [ 1459  1435  ]
192 - [ 1435  1459  ]
193 - [ 1459  1435  ]
194 - [ 1459  1435  ]
195 - [ 1459  1435  ]
196 - [ 1459  1435  ]
197 - [ 1435  1459  ]
198 - [ 1459  1435  ]
199 - [ 1435  1459  ]
200 - [ 1459  1435  ]
201 - [ 1435  1459  ]
202 - [ 1459  1435  ]
203 - [ 1459  1435  ]
204 - [ 1459  1435  ]
205 - [ 1459  1435  ]
206 - [ 1459  1435  ]
207 - [ 1435  1459  ]
208 - [ 1435  1459  ]
209 - [ 1435  1459  ]
210 - [ 1435  1459  ]
211 - [ 1435  1459  ]
212 - [ 1435  1459  ]
213 - [ 1435  1459  ]
214 - [ 1459  1435  ]
215 - [ 1459  1435  ]
216 - [ 1435  1459  ]
217 - [ 1459  1435  ]
218 - [ 1459  1435  ]
219 - [ 1459  1435  ]
220 - [ 1435  1459  ]
221 - [ 1435  1459  ]
222 - [ 1459  1435  ]
223 - [ 1459  1435  ]
224 - [ 1459  1435  ]
225 - [ 1459  1435  ]
226 - [ 1459  1435  ]
227 - [ 1459  1435  ]
228 - [ 1435  1459  ]
229 - [ 1435  1459  ]
230 - [ 1435  1459  ]
231 - [ 1435  1459  ]
232 - [ 1435  1459  ]
233 - [ 1459  1435  ]
234 - [ 1459  1435  ]
235 - [ 1435  1459  ]
236 - [ 1435  1459  ]
237 - [ 1459  1435  ]
238 - [ 1435  1459  ]
239 - [ 1435  1459  ]
240 - [ 1435  1459  ]
241 - [ 1435  1459  ]
242 - [ 1459  1435  ]
243 - [ 1459  1435  ]
244 - [ 1435  1459  ]
245 - [ 1459  1435  ]
246 - [ 1459  1435  ]
247 - [ 1459  1435  ]
248 - [ 1435  1459  ]
249 - [ 1459  1435  ]
250 - [ 1459  1435  ]
251 - [ 1435  1459  ]
252 - [ 1459  1435  ]
253 - [ 1435  1459  ]
254 - [ 1459  1435  ]
255 - [ 1459  1435  ]
256 - [ 1435  1459  ]
257 - [ 1459  1435  ]
258 - [ 1435  1459  ]
259 - [ 1459  1435  ]
260 - [ 1435  1459  ]
261 - [ 1459  1435  ]
262 - [ 1435  1459  ]
263 - [ 1435  1459  ]
264 - [ 1459  1435  ]
265 - [ 1459  1435  ]
266 - [ 1459  1435  ]
267 - [ 1435  1459  ]
268 - [ 1459  1435  ]
269 - [ 1459  1435  ]
270 - [ 1459  1435  ]
271 - [ 1435  1459  ]
272 - [ 1459  1435  ]
273 - [ 1459  1435  ]
274 - [ 1459  1435  ]
275 - [ 1435  1459  ]
276 - [ 1459  1435  ]
277 - [ 1459  1435  ]
278 - [ 1459  1435  ]
279 - [ 1459  1435  ]
280 - [ 1459  1435  ]
281 - [ 1459  1435  ]
282 - [ 1435  1459  ]
283 - [ 1435  1459  ]
284 - [ 1459  1435  ]
285 - [ 1435  1459  ]
286 - [ 1459  1435  ]
287 - [ 1459  1435  ]
288 - [ 1459  1435  ]
289 - [ 1459  1435  ]
290 - [ 1435  1459  ]
291 - [ 1459  1435  ]
292 - [ 1459  1435  ]
293 - [ 1435  1459  ]
294 - [ 1435  1459  ]
295 - [ 1435  1459  ]
296 - [ 1435  1459  ]
297 - [ 1459  1435  ]
298 - [ 1459  1435  ]
299 - [ 1459  1435  ]
300 - [ 1459  1435  ]
301 - [ 1435  1459  ]
302 - [ 1435  1459  ]
303 - [ 1459  1435  ]
304 - [ 1459  1435  ]
305 - [ 1459  1435  ]
306 - [ 1459  1435  ]
307 - [ 1435  1459  ]
308 - [ 1435  1459  ]
309 - [ 1435  1459  ]
310 - [ 1459  1435  ]
311 - [ 1435  1459  ]
312 - [ 1459  1435  ]
313 - [ 1435  1459  ]
314 - [ 1459  1435  ]
315 - [ 1435  1459  ]
316 - [ 1435  1459  ]
317 - [ 1459  1435  ]
318 - [ 1435  1459  ]
319 - [ 1435  1459  ]
320 - [ 1435  1459  ]
321 - [ 1459  1435  ]
322 - [ 1435  1459  ]
323 - [ 1459  1435  ]
324 - [ 1435  1459  ]
325 - [ 1435  1459  ]
326 - [ 1459  1435  ]
327 - [ 1459  1435  ]
328 - [ 1435  1459  ]
329 - [ 1459  1435  ]
330 - [ 1459  1435  ]
331 - [ 1435  1459  ]
332 - [ 1459  1435  ]
333 - [ 1459  1435  ]
334 - [ 1435  1459  ]
335 - [ 1459  1435  ]
336 - [ 1459  1435  ]
337 - [ 1435  1459  ]
338 - [ 1435  1459  ]
339 - [ 1435  1459  ]
340 - [ 1435  1459  ]
341 - [ 1435  1459  ]
342 - [ 1459  1435  ]
343 - [ 1459  1435  ]
344 - [ 1435  1459  ]
345 - [ 1435  1459  ]
346 - [ 1435  1459  ]
347 - [ 1459  1435  ]
348 - [ 1459  1435  ]
349 - [ 1435  1459  ]
350 - [ 1459  1435  ]
351 - [ 1435  1459  ]
352 - [ 1435  1459  ]
353 - [ 1435  1459  ]
354 - [ 1459  1435  ]
355 - [ 1435  1459  ]
356 - [ 1435  1459  ]
357 - [ 1435  1459  ]
358 - [ 1435  1459  ]
359 - [ 1459  1435  ]
360 - [ 1459  1435  ]
361 - [ 1435  1459  ]
362 - [ 1435  1459  ]
363 - [ 1435  1459  ]
364 - [ 1459  1435  ]
365 - [ 1435  1459  ]
366 - [ 1459  1435  ]
367 - [ 1459  1435  ]
368 - [ 1459  1435  ]
369 - [ 1435  1459  ]
370 - [ 1435  1459  ]
371 - [ 1459  1435  ]
372 - [ 1459  1435  ]
373 - [ 1459  1435  ]
374 - [ 1435  1459  ]
375 - [ 1459  1435  ]
376 - [ 1435  1459  ]
377 - [ 1459  1435  ]
378 - [ 1459  1435  ]
379 - [ 1435  1459  ]
380 - [ 1459  1435  ]
381 - [ 1459  1435  ]
382 - [ 1435  1459  ]
383 - [ 1459  1435  ]
384 - [ 1459  1435  ]
385 - [ 1435  1459  ]
386 - [ 1435  1459  ]
387 - [ 1435  1459  ]
388 - [ 1435  1459  ]
389 - [ 1459  1435  ]
390 - [ 1459  1435  ]
391 - [ 1435  1459  ]
392 - [ 1459  1435  ]
393 - [ 1459  1435  ]
394 - [ 1459  1435  ]
395 - [ 1459  1435  ]
396 - [ 1459  1435  ]
397 - [ 1435  1459  ]
398 - [ 1435  1459  ]
399 - [ 1435  1459  ]
400 - [ 1435  1459  ]
401 - [ 1459  1435  ]
402 - [ 1459  1435  ]
403 - [ 1459  1435  ]
404 - [ 1435  1459  ]
405 - [ 1459  1435  ]
406 - [ 1435  1459  ]
407 - [ 1459  1435  ]
408 - [ 1435  1459  ]
409 - [ 1459  1435  ]
410 - [ 1459  1435  ]
411 - [ 1459  1435  ]
412 - [ 1435  1459  ]
413 - [ 1459  1435  ]
414 - [ 1435  1459  ]
415 - [ 1435  1459  ]
416 - [ 1435  1459  ]
417 - [ 1435  1459  ]
418 - [ 1435  1459  ]
419 - [ 1435  1459  ]
420 - [ 1435  1459  ]
421 - [ 1459  1435  ]
422 - [ 1459  1435  ]
423 - [ 1435  1459  ]
424 - [ 1459  1435  ]
425 - [ 1459  1435  ]
426 - [ 1435  1459  ]
427 - [ 1459  1435  ]
428 - [ 1459  1435  ]
429 - [ 1459  1435  ]
430 - [ 1459  1435  ]
431 - [ 1459  1435  ]
432 - [ 1459  1435  ]
433 - [ 1459  1435  ]
434 - [ 1435  1459  ]
435 - [ 1459  1435  ]
436 - [ 1459  1435  ]
437 - [ 1459  1435  ]
438 - [ 1459  1435  ]
439 - [ 1459  1435  ]
440 - [ 1435  1459  ]
441 - [ 1459  1435  ]
442 - [ 1459  1435  ]
443 - [ 1459  1435  ]
444 - [ 1459  1435  ]
445 - [ 1459  1435  ]
446 - [ 1435  1459  ]
447 - [ 1459  1435  ]
448 - [ 1459  1435  ]
449 - [ 1435  1459  ]
450 - [ 1459  1435  ]
451 - [ 1459  1435  ]
452 - [ 1435  1459  ]
453 - [ 1435  1459  ]
454 - [ 1435  1459  ]
455 - [ 1459  1435  ]
456 - [ 1435  1459  ]
457 - [ 1435  1459  ]
458 - [ 1435  1459  ]
459 - [ 1435  1459  ]
460 - [ 1435  1459  ]
461 - [ 1459  1435  ]
462 - [ 1435  1459  ]
463 - [ 1459  1435  ]
464 - [ 1435  1459  ]
465 - [ 1435  1459  ]
466 - [ 1435  1459  ]
467 - [ 1435  1459  ]
468 - [ 1435  1459  ]
469 - [ 1459  1435  ]
470 - [ 1435  1459  ]
471 - [ 1459  1435  ]
472 - [ 1459  1435  ]
473 - [ 1435  1459  ]
474 - [ 1459  1435  ]
475 - [ 1459  1435  ]
476 - [ 1459  1435  ]
477 - [ 1435  1459  ]
478 - [ 1435  1459  ]
479 - [ 1435  1459  ]
480 - [ 1459  1435  ]
481 - [ 1459  1435  ]
482 - [ 1435  1459  ]
483 - [ 1459  1435  ]
484 - [ 1435  1459  ]
485 - [ 1435  1459  ]
486 - [ 1459  1435  ]
487 - [ 1459  1435  ]
488 - [ 1459  1435  ]
489 - [ 1459  1435  ]
490 - [ 1459  1435  ]
491 - [ 1435  1459  ]
492 - [ 1459  1435  ]
493 - [ 1459  1435  ]
494 - [ 1459  1435  ]
495 - [ 1459  1435  ]
496 - [ 1435  1459  ]
497 - [ 1435  1459  ]
498 - [ 1435  1459  ]
499 - [ 1435  1459  ]
500 - [ 1459  1435  ]
501 - [ 1459  1435  ]
502 - [ 1435  1459  ]
503 - [ 1459  1435  ]
504 - [ 1459  1435  ]
505 - [ 1459  1435  ]
506 - [ 1459  1435  ]
507 - [ 1435  1459  ]
508 - [ 1459  1435  ]
509 - [ 1459  1435  ]
510 - [ 1459  1435  ]
511 - [ 1459  1435  ]
512 - [ 1459  1435  ]
513 - [ 1459  1435  ]
514 - [ 1459  1435  ]
515 - [ 1435  1459  ]
516 - [ 1435  1459  ]
517 - [ 1435  1459  ]
518 - [ 1459  1435  ]
519 - [ 1435  1459  ]
520 - [ 1435  1459  ]
521 - [ 1435  1459  ]
522 - [ 1459  1435  ]
523 - [ 1459  1435  ]
524 - [ 1459  1435  ]
525 - [ 1459  1435  ]
526 - [ 1435  1459  ]
527 - [ 1435  1459  ]
528 - [ 1459  1435  ]
529 - [ 1459  1435  ]
530 - [ 1459  1435  ]
531 - [ 1459  1435  ]
532 - [ 1459  1435  ]
533 - [ 1459  1435  ]
534 - [ 1435  1459  ]
535 - [ 1435  1459  ]
536 - [ 1459  1435  ]
537 - [ 1459  1435  ]
538 - [ 1435  1459  ]
539 - [ 1459  1435  ]
540 - [ 1459  1435  ]
541 - [ 1435  1459  ]
542 - [ 1435  1459  ]
543 - [ 1435  1459  ]
544 - [ 1459  1435  ]
545 - [ 1459  1435  ]
546 - [ 1435  1459  ]
547 - [ 1435  1459  ]
548 - [ 1459  1435  ]
549 - [ 1459  1435  ]
550 - [ 1459  1435  ]
551 - [ 1435  1459  ]
552 - [ 1435  1459  ]
553 - [ 1459  1435  ]
554 - [ 1459  1435  ]
555 - [ 1435  1459  ]
556 - [ 1435  1459  ]
557 - [ 1435  1459  ]
558 - [ 1459  1435  ]
559 - [ 1435  1459  ]
560 - [ 1435  1459  ]
561 - [ 1459  1435  ]
562 - [ 1459  1435  ]
563 - [ 1435  1459  ]
564 - [ 1435  1459  ]
565 - [ 1435  1459  ]
566 - [ 1435  1459  ]
567 - [ 1435  1459  ]
568 - [ 1435  1459  ]
569 - [ 1435  1459  ]
570 - [ 1435  1459  ]
571 - [ 1459  1435  ]
572 - [ 1459  1435  ]
573 - [ 1459  1435  ]
574 - [ 1435  1459  ]
575 - [ 1459  1435  ]
576 - [ 1459  1435  ]
577 - [ 1459  1435  ]
578 - [ 1459  1435  ]
579 - [ 1435  1459  ]
580 - [ 1459  1435  ]
581 - [ 1435  1459  ]
582 - [ 1435  1459  ]
583 - [ 2016  ]
584 - [ 2016  ]
585 - [ 2016  ]
586 - [ 2016  ]
587 - [ 2016  ]
588 - [ 2016  ]
589 - [ 2016  ]
590 - [ 2016  ]
591 - [ 2016  ]
592 - [ 2016  ]
593 - [ 2016  ]
594 - [ 2016  ]
595 - [ 2016  ]
596 - [ 2016  ]
597 - [ 2016  ]
598 - [ 2016  ]
599 - [ 2016  ]
600 - [ 2016  ]
601 - [ 2016  ]
602 - [ 2016  ]
603 - [ 2016  ]
604 - [ 2016  ]
605 - [ 2016  ]
606 - [ 2016  ]
607 - [ 2016  ]
608 - [ 2016  ]
609 - [ 2016  ]
610 - [ 2016  ]
611 - [ 2016  ]
612 - [ 2016  ]
613 - [ 2016  ]
614 - [ 2016  ]
615 - [ 2016  ]
616 - [ 2016  ]
617 - [ 2016  ]
618 - [ 2016  ]
619 - [ 2016  ]
620 - [ 2016  ]
621 - [ 2016  ]
622 - [ 2016  ]
623 - [ 2016  ]
624 - [ 2016  ]
625 - [ 2016  ]
626 - [ 2016  ]
627 - [ 2016  ]
628 - [ 2016  ]
629 - [ 2016  ]
630 - [ 2016  ]
631 - [ 2016  ]
632 - [ 2016  ]
633 - [ 2016  ]
634 - [ 2016  ]
635 - [ 2016  ]
636 - [ 2016  ]
637 - [ 2016  ]
638 - [ 2016  ]
639 - [ 2016  ]
640 - [ 2016  ]
641 - [ 2016  ]
642 - [ 2016  ]
643 - [ 2016  ]
644 - [ 2016  ]
645 - [ 2016  ]
646 - [ 2016  ]
647 - [ 2016  ]
648 - [ 2016  ]
649 - [ 2016  ]
650 - [ 2016  ]
651 - [ 2016  ]
652 - [ 2016  ]
653 - [ 2016  ]
654 - [ 2016  ]
655 - [ 2016  ]
656 - [ 2016  ]
657 - [ 2016  ]
658 - [ 2016  ]
659 - [ 2016  ]
660 - [ 2016  ]
661 - [ 2016  ]
662 - [ 2016  ]
663 - [ 2016  ]
664 - [ 2016  ]
665 - [ 2016  ]
666 - [ 2016  ]
667 - [ 2016  ]
668 - [ 2016  ]
669 - [ 2016  ]
670 - [ 2016  ]
671 - [ 2016  ]
672 - [ 2016  ]
673 - [ 2016  ]
674 - [ 2016  ]
675 - [ 2016  ]
676 - [ 2016  ]
677 - [ 2016  ]
678 - [ 2016  ]
679 - [ 2016  ]
680 - [ 2016  ]
681 - [ 2016  ]
682 - [ 2016  ]
683 - [ 2016  ]
684 - [ 2016  ]
685 - [ 2016  ]
686 - [ 2016  ]
687 - [ 2016  ]
688 - [ 2016  ]
689 - [ 2016  ]
690 - [ 2016  ]
691 - [ 2016  ]
692 - [ 2016  ]
693 - [ 2016  ]
694 - [ 2016  ]
695 - [ 2016  ]
696 - [ 2016  ]
697 - [ 2016  ]
698 - [ 2016  ]
699 - [ 2016  ]
700 - [ 2016  ]
701 - [ 2016  ]
702 - [ 2016  ]
703 - [ 2016  ]
704 - [ 2016  ]
705 - [ 2016  ]
706 - [ 2016  ]
707 - [ 2016  ]
708 - [ 2016  ]
709 - [ 2016  ]
710 - [ 2016  ]
711 - [ 2016  ]
712 - [ 2016  ]
713 - [ 2016  ]
714 - [ 2016  ]
715 - [ 2016  ]
716 - [ 2016  ]
717 - [ 2016  ]
718 - [ 2016  ]
719 - [ 2016  ]
720 - [ 2016  ]
721 - [ 2016  ]
722 - [ 2016  ]
723 - [ 2016  ]
724 - [ 2016  ]
725 - [ 2016  ]
726 - [ 2016  ]
727 - [ 2016  ]
728 - [ 2016  ]
729 - [ 2016  ]
730 - [ 2016  ]
731 - [ 2016  ]
732 - [ 2016  ]
733 - [ 2016  ]
734 - [ 2016  ]
735 - [ 2016  ]
736 - [ 2016  ]
737 - [ 2016  ]
738 - [ 2016  ]
739 - [ 2016  ]
740 - [ 2016  ]
741 - [ 2016  ]
742 - [ 2016  ]
743 - [ 2016  ]
744 - [ 2016  ]
745 - [ 2016  ]
746 - [ 2016  ]
747 - [ 2016  ]
748 - [ 2016  ]
749 - [ 2016  ]
750 - [ 2016  ]
751 - [ 2016  ]
752 - [ 2016  ]
753 - [ 2016  ]
754 - [ 2016  ]
755 - [ 2016  ]
756 - [ 2016  ]
757 - [ 2016  ]
758 - [ 2016  ]
759 - [ 2016  ]
760 - [ 2016  ]
761 - [ 2016  ]
762 - [ 2016  ]
763 - [ 2016  ]
764 - [ 2016  ]
765 - [ 2016  ]
766 - [ 2016  ]
767 - [ 2016  ]
768 - [ 2016  ]
769 - [ 2016  ]
770 - [ 2016  ]
771 - [ 2016  ]
772 - [ 2016  ]
773 - [ 2016  ]
774 - [ 2016  ]
775 - [ 2016  ]
776 - [ 2016  ]
777 - [ 2016  ]
778 - [ 2016  ]
779 - [ 2016  ]
780 - [ 2016  ]
781 - [ 2016  ]
782 - [ 2016  ]
783 - [ 2016  ]
784 - [ 2016  ]
785 - [ 2016  ]
786 - [ 2016  ]
787 - [ 2016  ]
788 - [ 2016  ]
789 - [ 2016  ]
790 - [ 2016  ]
791 - [ 2016  ]
792 - [ 2016  ]
793 - [ 2016  ]
794 - [ 2016  ]
795 - [ 2016  ]
796 - [ 2016  ]
797 - [ 2016  ]
798 - [ 2016  ]
799 - [ 2016  ]
800 - [ 2016  ]
801 - [ 2016  ]
802 - [ 2016  ]
803 - [ 2016  ]
804 - [ 2016  ]
805 - [ 2016  ]
806 - [ 2016  ]
807 - [ 2016  ]
808 - [ 2016  ]
809 - [ 2016  ]
810 - [ 2016  ]
811 - [ 2016  ]
812 - [ 2016  ]
813 - [ 2016  ]
814 - [ 2016  ]
815 - [ 2016  ]
816 - [ 2016  ]
817 - [ 2016  ]
818 - [ 2016  ]
819 - [ 2016  ]
820 - [ 2016  ]
821 - [ 2016  ]
822 - [ 2016  ]
823 - [ 2016  ]
824 - [ 2016  ]
825 - [ 2016  ]
826 - [ 2016  ]
827 - [ 2016  ]
828 - [ 2016  ]
829 - [ 2016  ]
830 - [ 2016  ]
831 - [ 2016  ]
832 - [ 2016  ]
833 - [ 2016  ]
834 - [ 2016  ]
835 - [ 2016  ]
836 - [ 2016  ]
837 - [ 2016  ]
838 - [ 2016  ]
839 - [ 2016  ]
840 - [ 2016  ]
841 - [ 2016  ]
842 - [ 2016  ]
843 - [ 2016  ]
844 - [ 2016  ]
845 - [ 2016  ]
846 - [ 2016  ]
847 - [ 2016  ]
848 - [ 2016  ]
849 - [ 2016  ]
850 - [ 2016  ]
851 - [ 2016  ]
852 - [ 2016  ]
853 - [ 2016  ]
854 - [ 2016  ]
855 - [ 2016  ]
856 - [ 2016  ]
857 - [ 2016  ]
858 - [ 2016  ]
859 - [ 2016  ]
860 - [ 2016  ]
861 - [ 2016  ]
862 - [ 2016  ]
863 - [ 2016  ]
864 - [ 2016  ]
865 - [ 2016  ]
866 - [ 2016  ]
867 - [ 2016  ]
868 - [ 2016  ]
869 - [ 2016  ]
870 - [ 2016  ]
871 - [ 2016  ]
872 - [ 2016  ]
873 - [ 2016  ]
874 - [ 2016  ]
875 - [ 2016  ]
876 - [ 2016  ]
877 - [ 2016  ]
878 - [ 2016  ]
879 - [ 2016  ]
880 - [ 2016  ]
881 - [ 2016  ]
882 - [ 2016  ]
883 - [ 2016  ]
884 - [ 2016  ]
885 - [ 2016  ]
886 - [ 2016  ]
887 - [ 2016  ]
888 - [ 2016  ]
889 - [ 2016  ]
890 - [ 2016  ]
891 - [ 2016  ]
892 - [ 2016  ]
893 - [ 2016  ]
894 - [ 2016  ]
895 - [ 2016  ]
896 - [ 2016  ]
897 - [ 2016  ]
898 - [ 2016  ]
899 - [ 2016  ]
900 - [ 2016  ]
901 - [ 2016  ]
902 - [ 2016  ]
903 - [ 2016  ]
904 - [ 2016  ]
905 - [ 2016  ]
906 - [ 2016  ]
907 - [ 2016  ]
908 - [ 2016  ]
909 - [ 2016  ]
910 - [ 2016  ]
911 - [ 2016  ]
912 - [ 2016  ]
913 - [ 2016  ]
914 - [ 2016  ]
915 - [ 2016  ]
916 - [ 2016  ]
917 - [ 2016  ]
918 - [ 2016  ]
919 - [ 2016  ]
920 - [ 2016  ]
921 - [ 2016  ]
922 - [ 2016  ]
923 - [ 2016  ]
924 - [ 2016  ]
925 - [ 2016  ]
926 - [ 2016  ]
927 - [ 2016  ]
928 - [ 2016  ]
929 - [ 2016  ]
930 - [ 2016  ]
931 - [ 2016  ]
932 - [ 2016  ]
933 - [ 2016  ]
934 - [ 2016  ]
935 - [ 2016  ]
936 - [ 2016  ]
937 - [ 2016  ]
938 - [ 2016  ]
939 - [ 2016  ]
940 - [ 2016  ]
941 - [ 2016  ]
942 - [ 2016  ]
943 - [ 2016  ]
944 - [ 2016  ]
945 - [ 2016  ]
946 - [ 2016  ]
947 - [ 2016  ]
948 - [ 2016  ]
949 - [ 2016  ]
950 - [ 2016  ]
951 - [ 2016  ]
952 - [ 2016  ]
953 - [ 2016  ]
954 - [ 2016  ]
955 - [ 2016  ]
956 - [ 2016  ]
957 - [ 2016  ]
958 - [ 2016  ]
959 - [ 2016  ]
960 - [ 2016  ]
961 - [ 2016  ]
962 - [ 2016  ]
963 - [ 2016  ]
964 - [ 2016  ]
965 - [ 2016  ]
966 - [ 2016  ]
967 - [ 2016  ]
968 - [ 2016  ]
969 - [ 2016  ]
970 - [ 2016  ]
971 - [ 2016  ]
972 - [ 2016  ]
973 - [ 2016  ]
974 - [ 2016  ]
975 - [ 2016  ]
976 - [ 2016  ]
977 - [ 2016  ]
978 - [ 2016  ]
979 - [ 2016  ]
980 - [ 2016  ]
981 - [ 2016  ]
982 - [ 2016  ]
983 - [ 2016  ]
984 - [ 2016  ]
985 - [ 2016  ]
986 - [ 2016  ]
987 - [ 2016  ]
988 - [ 2016  ]
989 - [ 2016  ]
990 - [ 2016  ]
991 - [ 2016  ]
992 - [ 2016  ]
993 - [ 2016  ]
994 - [ 2016  ]
995 - [ 2016  ]
996 - [ 2016  ]
997 - [ 2016  ]
998 - [ 2016  ]
999 - [ 2016  ]
