16.1666	2770.1000	16.1666	2770.1000	16.1666	2770.1000	
16.1666	2770.1000	16.1666	2770.1000	16.1666	2770.1000	
16.1666	2770.1000	16.1666	2770.1000	16.1666	2770.1000	
16.1666	2770.1000	16.1666	2770.1000	16.1666	2770.1000	
16.1666	2770.1000	16.1666	2770.1000	16.1666	2770.1000	
16.1666	2770.1000	16.1666	2770.1000	16.1666	2770.1000	
16.1666	2770.1000	16.1666	2770.1000	16.1666	2770.1000	
15.7643	2770.1000	15.7643	2770.1000	15.7637	2770.1000	
15.7523	2770.1000	15.7519	2770.1000	
15.7522	2770.1000	15.7519	2770.1000	15.7522	2770.1000	
15.7522	2770.1000	15.7519	2770.1000	15.7522	2770.1000	
15.7519	2770.1000	15.7519	2770.1000	15.7519	2770.1000	
15.7519	2770.1000	15.7519	2770.1000	15.7519	2770.1000	
15.7519	2770.1000	15.7519	2770.1000	15.7519	2770.1000	
15.7519	2770.1000	15.7519	2770.1000	15.7519	2770.1000	
15.7519	2770.1000	15.7519	2770.1000	15.7519	2770.1000	
15.7519	2770.1000	15.7519	2770.1000	15.7519	2770.1000	
15.7519	2770.1000	15.7519	2770.1000	15.7519	2770.1000	
15.7519	2770.1000	15.7519	2770.1000	15.7519	2770.1000	
15.7519	2770.1000	15.7519	2770.1000	15.7519	2770.1000	
15.7519	2770.1000	15.7519	2770.1000	15.7519	2770.1000	
15.7519	2770.1000	15.7519	2770.1000	15.7519	2770.1000	
15.7519	2770.1000	15.7519	2770.1000	15.7519	2770.1000	
15.7519	2770.1000	15.7519	2770.1000	15.7519	2770.1000	
15.7519	2770.1000	15.7519	2770.1000	15.7519	2770.1000	
15.7519	2770.1000	15.7519	2770.1000	15.7519	2770.1000	
15.7519	2770.1000	15.7519	2770.1000	15.7519	2770.1000	
15.7519	2770.1000	15.7519	2770.1000	15.7519	2770.1000	
15.7519	2770.1000	15.7519	2770.1000	15.7519	2770.1000	
15.7519	2770.1000	15.7519	2770.1000	15.7519	2770.1000	
15.7519	2770.1000	15.7519	2770.1000	15.7519	2770.1000	
15.7519	2770.1000	15.7519	2770.1000	15.7519	2770.1000	
15.7519	2770.1000	15.7519	2770.1000	15.7519	2770.1000	
15.7519	2770.1000	15.7519	2770.1000	15.7519	2770.1000	
15.7519	2770.1000	15.7519	2770.1000	15.7519	2770.1000	
15.7519	2770.1000	15.7519	2770.1000	15.7519	2770.1000	
15.7519	2770.1000	15.7519	2770.1000	15.7519	2770.1000	
15.7519	2770.1000	15.7519	2770.1000	15.7519	2770.1000	
15.7519	2770.1000	15.7519	2770.1000	15.7519	2770.1000	
15.7519	2770.1000	15.7519	2770.1000	15.7519	2770.1000	
15.7519	2770.1000	15.7519	2770.1000	15.7519	2770.1000	
15.7519	2770.1000	15.7519	2770.1000	15.7519	2770.1000	
15.7519	2770.1000	15.7519	2770.1000	15.7519	2770.1000	
15.7519	2770.1000	15.7519	2770.1000	15.7519	2770.1000	
15.7519	2770.1000	15.7519	2770.1000	15.7519	2770.1000	
15.7519	2770.1000	15.7519	2770.1000	15.7519	2770.1000	
15.7519	2770.1000	15.7519	2770.1000	15.7519	2770.1000	
15.7519	2770.1000	15.7519	2770.1000	15.7519	2770.1000	
15.7519	2770.1000	15.7519	2770.1000	15.7519	2770.1000	
15.7519	2770.1000	15.7519	2770.1000	15.7519	2770.1000	
15.7519	2770.1000	15.7519	2770.1000	15.7519	2770.1000	
15.7519	2770.1000	15.7519	2770.1000	15.7519	2770.1000	
15.7519	2770.1000	15.7519	2770.1000	15.7519	2770.1000	
15.7519	2770.1000	15.7519	2770.1000	15.7519	2770.1000	
15.7519	2770.1000	15.7519	2770.1000	15.7519	2770.1000	
15.7519	2770.1000	15.7519	2770.1000	15.7519	2770.1000	
15.7519	2770.1000	15.7519	2770.1000	15.7519	2770.1000	
15.7519	2770.1000	15.7519	2770.1000	15.7519	2770.1000	
15.7519	2770.1000	15.7519	2770.1000	15.7519	2770.1000	
15.7519	2770.1000	15.7519	2770.1000	15.7519	2770.1000	
15.7519	2770.1000	15.7519	2770.1000	15.7519	2770.1000	
15.7519	2770.1000	15.7519	2770.1000	15.7519	2770.1000	
15.7519	2770.1000	15.7519	2770.1000	15.7519	2770.1000	
15.7519	2770.1000	15.7519	2770.1000	15.7519	2770.1000	
15.7519	2770.1000	15.7519	2770.1000	15.7519	2770.1000	
15.7519	2770.1000	15.7519	2770.1000	15.7519	2770.1000	
15.7519	2770.1000	15.7519	2770.1000	15.7519	2770.1000	
15.7519	2770.1000	15.7519	2770.1000	15.7519	2770.1000	
15.7519	2770.1000	15.7519	2770.1000	15.7519	2770.1000	
15.7519	2770.1000	15.7519	2770.1000	15.7519	2770.1000	
15.7519	2770.1000	15.7519	2770.1000	15.7519	2770.1000	
15.7519	2770.1000	15.7519	2770.1000	15.7519	2770.1000	
15.7519	2770.1000	15.7519	2770.1000	15.7519	2770.1000	
15.7519	2770.1000	15.7519	2770.1000	15.7519	2770.1000	
15.7519	2770.1000	15.7519	2770.1000	15.7519	2770.1000	
15.7519	2770.1000	15.7519	2770.1000	15.7519	2770.1000	
15.7519	2770.1000	15.7519	2770.1000	15.7519	2770.1000	
15.7519	2770.1000	15.7519	2770.1000	15.7519	2770.1000	
15.7519	2770.1000	15.7519	2770.1000	15.7519	2770.1000	
15.7519	2770.1000	15.7519	2770.1000	15.7519	2770.1000	
15.7519	2770.1000	15.7519	2770.1000	15.7519	2770.1000	
15.7519	2770.1000	15.7519	2770.1000	15.7519	2770.1000	
15.7519	2770.1000	15.7519	2770.1000	15.7519	2770.1000	
15.7519	2770.1000	15.7519	2770.1000	15.7519	2770.1000	
15.7519	2770.1000	15.7519	2770.1000	15.7519	2770.1000	
15.7519	2770.1000	15.7519	2770.1000	15.7519	2770.1000	
15.7519	2770.1000	15.7519	2770.1000	15.7519	2770.1000	
15.7519	2770.1000	15.7519	2770.1000	15.7519	2770.1000	
15.7519	2770.1000	15.7519	2770.1000	15.7519	2770.1000	
15.7519	2770.1000	15.7519	2770.1000	15.7519	2770.1000	
15.7519	2770.1000	15.7519	2770.1000	15.7519	2770.1000	
15.7519	2770.1000	15.7519	2770.1000	15.7519	2770.1000	
15.7519	2770.1000	15.7519	2770.1000	15.7519	2770.1000	
15.7519	2770.1000	15.7519	2770.1000	15.7519	2770.1000	
15.7519	2770.1000	15.7519	2770.1000	15.7519	2770.1000	
15.7519	2770.1000	15.7519	2770.1000	15.7519	2770.1000	
15.7519	2770.1000	15.7519	2770.1000	15.7519	2770.1000	
15.7519	2770.1000	15.7519	2770.1000	15.7519	2770.1000	
15.7519	2770.1000	15.7519	2770.1000	15.7519	2770.1000	
15.7519	2770.1000	15.7519	2770.1000	15.7519	2770.1000	
