0 - [ 83  53  97  139  124  ]
1 - [ 155  167  159  169  161  165  170  163  153  172  157  ]
2 - [ 174  199  181  176  187  193  189  201  216  183  195  211  191  209  204  ]
3 - [ 226  274  237  259  272  224  243  233  263  245  261  270  247  253  265  ]
4 - [ 316  286  308  310  340  290  306  320  292  334  296  342  302  318  284  ]
5 - [ 367  385  352  387  350  378  369  395  406  371  358  373  401  354  403  ]
6 - [ 446  414  427  454  408  412  433  456  425  440  431  465  442  437  417  ]
7 - [ 483  517  482  516  ]
8 - [ 540  534  ]
9 - [ 548  550  554  552  ]
10 - [ 560  566  562  564  558  556  570  ]
11 - [ 591  593  583  585  574  576  581  579  597  589  572  587  599  595  577  ]
12 - [ 614  626  607  651  634  636  611  647  624  642  659  638  622  605  628  ]
13 - [ 683  689  708  669  667  691  675  698  687  693  663  712  720  704  716  ]
14 - [ 784  757  736  726  732  724  761  771  747  743  782  734  755  741  753  ]
15 - [ 817  803  794  809  833  819  807  800  839  790  815  825  805  792  831  ]
16 - [ 901  892  909  886  864  852  896  876  856  872  850  868  905  866  884  ]
17 - [ 953  916  920  957  937  914  969  922  951  912  943  933  972  918  949  ]
18 - [ 974  994  1007  1013  1034  1009  1024  979  1020  1011  998  1017  1030  975  986  ]
19 - [ 1065  1099  1059  1097  1089  1077  1049  1075  1079  1045  1038  1091  1063  1095  1070  ]
20 - [ 1125  1133  1142  1153  1139  1109  1115  1137  1101  1113  1157  1146  1135  1144  1131  ]
21 - [ 1171  1169  1209  1165  1199  1220  1205  1222  1218  1175  1207  1197  1181  1179  1185  ]
22 - [ 1279  1247  1263  1255  1226  1251  1241  1232  1236  1249  1277  1259  1243  1271  1230  ]
23 - [ 1301  1330  1297  1317  1336  1321  1311  1303  1340  1345  1342  1324  1307  1347  1295  ]
24 - [ 1365  1386  1390  1407  1388  1398  1351  1371  1373  1382  1409  1356  1349  1384  1401  ]
25 - [ 1429  1419  1435  1457  1455  1425  1467  1469  1423  1427  1413  1437  1453  1445  1447  ]
26 - [ 1520  1473  1492  1512  1483  1531  1526  1522  1490  1524  1481  1506  1518  1514  1516  ]
27 - [ 1596  1553  1573  1571  1587  1592  1559  1575  1561  1585  1579  1557  1589  1545  1583  ]
28 - [ 1646  1644  1624  1620  1602  1606  1598  1638  1618  1648  1608  1657  1632  1655  1622  ]
29 - [ 1694  1715  1676  1717  1672  1719  1709  1680  1664  1706  1682  1668  1690  1686  1702  ]
30 - [ 1756  1744  1758  1721  1752  1764  1735  1774  1772  1727  1746  1723  1770  1748  1780  ]
31 - [ 1805  1796  1784  1811  1819  1786  1825  1792  1833  1800  1831  1790  1821  1829  1835  ]
32 - [ 1865  1847  1878  1861  1891  1902  1880  1906  1889  1887  1883  1898  1867  1869  1876  ]
33 - [ 1944  1961  1921  1969  1957  1914  1946  1912  1932  1967  1936  1959  1930  1949  1942  ]
34 - [ 2016  1989  1975  1991  2008  1981  2002  2010  1985  2020  2022  1979  1983  1971  2030  ]
35 - [ 2041  2038  2061  2067  2049  2071  2089  2073  2059  2057  2045  2047  2079  2063  2036  ]
36 - [ 2118  2142  2112  2132  2128  2104  2136  2140  2102  2144  2148  2130  2110  2100  2126  ]
37 - [ 2171  2212  2202  2204  2214  2154  2165  2210  2192  2186  2161  2196  2163  2208  2159  ]
38 - [ 2237  2263  2223  2239  2280  2253  2233  2251  2216  2221  2269  2244  2249  2227  2229  ]
39 - [ 2289  2319  2335  2333  2309  2291  2321  2317  2337  2315  2282  2343  2329  2288  2327  ]
40 - [ 2378  2384  2364  2380  2404  2370  2357  2353  2360  2358  2402  2394  2406  2389  2376  ]
41 - [ 2427  2453  2459  2415  2467  2439  2431  2429  2463  2447  2465  2408  2457  2435  2443  ]
42 - [ 2520  2514  2496  2498  2480  2469  2500  2529  2476  2524  2488  2502  2527  2470  2490  ]
43 - [ 2580  2572  2557  2570  2535  2566  2547  2576  2531  2582  2568  2543  2574  2588  2563  ]
44 - [ 2610  2624  2628  2608  2626  2639  2592  2598  2600  2596  2616  2647  2620  2594  2645  ]
45 - [ 2673  2657  2703  2677  2661  2687  2691  2663  2653  2695  2711  2655  2683  2699  2697  ]
46 - [ 2760  2729  2762  2768  2733  2747  2770  2717  2723  2753  2766  2756  2745  2743  2758  ]
47 - [ 2798  2817  2829  2784  2792  2788  2802  2833  2823  2815  2796  2810  2804  2786  2819  ]
48 - [ 2849  2835  2865  2895  2845  2876  2837  2859  2863  2872  2887  2857  2874  2891  2889  ]
49 - [ 2936  2903  2905  2926  2924  2919  2950  2944  2911  2948  2940  2930  2938  2952  2955  ]
50 - [ 2995  2961  2975  2959  3011  2971  2987  2983  2965  3015  3005  2979  3007  2981  2973  ]
51 - [ 3058  3054  3050  3064  3076  3033  3078  3035  3021  3046  3056  3066  3062  3027  3041  ]
52 - [ 3130  3112  3132  3144  3118  3101  3087  3146  3107  3091  3116  3093  3128  3109  3122  ]
53 - [ 3180  3170  3150  3178  3190  3152  3176  3166  3196  3172  3198  3154  3192  3206  3168  ]
54 - [ 3260  3226  3228  3266  3249  3214  3232  3242  3212  3234  3252  3264  3256  3222  3254  ]
55 - [ 3288  3316  3329  3294  3325  3283  3304  3277  3318  3281  3271  3290  3310  3306  3308  ]
56 - [ 3390  3382  3347  3339  3345  3358  3372  3378  3368  3341  3351  3386  3355  3364  3335  ]
57 - [ 3422  3400  3436  3451  3432  3453  3440  3426  3416  3449  3406  3428  3430  3418  3424  ]
58 - [ 3484  3486  3461  3496  3480  3470  3478  3506  3459  3515  3513  3511  3482  3502  3488  ]
59 - [ 3521  3541  3555  3537  3565  3563  3543  3545  3567  3535  3571  3519  3573  3539  3529  ]
60 - [ 3617  3591  3624  3640  3593  3630  3611  3613  3579  3583  3626  3585  3636  3634  3609  ]
61 - [ 3679  3671  3696  3644  3642  3675  3662  3694  3666  3681  3656  3668  3654  3700  3690  ]
62 - [ 3758  3737  3724  3756  3714  3739  3706  3747  3733  3754  3718  3752  3745  3720  3708  ]
63 - [ 3802  3772  3818  3788  3778  3768  3793  3790  3797  3800  3806  3795  3782  3804  3816  ]
64 - [ 3830  3848  3859  3832  3879  3885  3857  3863  3840  3865  3886  3853  3888  3844  3861  ]
65 - [ 3900  3939  3906  3914  3904  3929  3925  3927  3919  3947  3908  3892  3941  3937  3916  ]
66 - [ 3984  3967  4000  3951  3980  3988  3986  3978  3965  3961  3959  4011  3963  4007  4005  ]
67 - [ 4047  4013  4038  4043  4060  4058  4028  4022  4074  4032  4068  4051  4019  4062  4056  ]
68 - [ 4120  4094  4104  4134  4114  4108  4082  4102  4130  4076  4078  4122  4110  4100  4116  ]
69 - [ 4174  4192  4184  4182  4168  4160  4158  4144  4176  4172  4148  4194  4178  4154  4140  ]
70 - [ 4214  4208  4224  4230  4202  4252  4248  4234  4206  4228  4198  4242  4246  4212  4218  ]
71 - [ 4282  4276  4308  4300  4270  4310  4314  4290  4274  4262  4296  4304  4286  4298  4266  ]
72 - [ 4366  4354  4340  4338  4332  4374  4330  4318  4322  4336  4320  4344  4352  4372  4346  ]
73 - [ 4415  4395  4379  4376  4424  4419  4383  4387  4385  4389  4423  4436  4405  4381  4413  ]
74 - [ 4468  4450  4454  4472  4452  4480  4464  4442  4492  4482  4448  4458  4476  4444  4484  ]
75 - [ 4517  4498  4534  4500  4522  4513  4502  4529  4547  4504  4531  4549  4509  4545  4519  ]
76 - [ 4577  4579  4610  4582  4606  4618  4592  4620  4622  4588  4614  4575  4571  4584  4600  ]
77 - [ 4657  4628  4662  4675  4647  4668  4639  4666  4637  4660  4671  4664  4677  4645  4653  ]
78 - [ 4702  4739  4728  4726  4689  4704  4722  4741  4749  4747  4699  4691  4737  4730  4695  ]
79 - [ 4800  4791  4777  4811  4779  4759  4765  4763  4789  4804  4808  4793  4797  4781  4755  ]
80 - [ 4836  4860  4868  4858  4856  4834  4825  4829  4870  4854  4815  4840  4852  4817  4831  ]
81 - [ 4897  4885  4889  4914  4901  4904  4931  4887  4893  4927  4895  4912  4906  4874  4919  ]
82 - [ 4963  4949  4976  4989  4993  4941  4969  4939  4943  4978  4974  4997  4984  4971  4953  ]
83 - [ 5030  5006  5045  5057  5043  5004  5008  5024  5035  5051  5018  5010  5012  5047  5053  ]
84 - [ 5073  5096  5067  5098  5106  5083  5100  5077  5079  5108  5110  5090  5063  5102  5116  ]
85 - [ 5138  5152  5172  5126  5130  5182  5165  5184  5150  5136  5176  5140  5134  5132  5162  ]
86 - [ 5235  5240  5219  5214  5247  5200  5237  5202  5216  5204  5223  5242  5217  5231  5245  ]
87 - [ 5258  5278  5288  5290  5253  5251  5270  5260  5274  5266  5308  5256  5304  5298  5282  ]
88 - [ 5351  5339  5320  5322  5368  5318  5347  5341  5349  5358  5345  5329  5326  5337  5310  ]
89 - [ 5387  5396  5420  5428  5408  5372  5376  5426  5416  5383  5392  5398  5389  5410  5424  ]
90 - [ 5489  5441  5460  5468  5476  5445  5466  5452  5462  5495  5437  5470  5464  5435  5487  ]
91 - [ 5507  5523  5527  5503  5537  5505  5513  5501  5555  5511  5545  5535  5543  5531  5517  ]
92 - [ 5597  5611  5575  5593  5571  5561  5583  5599  5577  5603  5609  5615  5613  5573  5589  ]
93 - [ 5622  5671  5663  5628  5655  5649  5667  5653  5620  5675  5661  5659  5634  5640  5673  ]
94 - [ 5735  5679  5704  5718  5732  5720  5699  5697  5691  5683  5730  5726  5685  5737  5695  ]
95 - [ 5757  5755  5792  5782  5741  5745  5749  5790  5772  5775  5794  5770  5779  5800  5743  ]
96 - [ 5834  5818  5810  5832  5816  5836  5822  5854  5828  5804  5838  5826  5852  5808  5857  ]
97 - [ 5888  5900  5890  5910  5904  5871  5912  5892  5916  5894  5884  5896  5906  5867  5875  ]
98 - [ 5938  5976  5983  5952  5928  5972  5930  5926  5948  5958  5970  5944  5950  5964  5980  ]
99 - [ 6007  6005  6013  6044  6029  6019  5993  6011  6001  6017  6021  6046  6025  6040  6033  ]
