17.0763
17.4634
17.4792
17.4792
17.4792
17.4792
17.4806
17.4806
17.4806
17.4806
16.7129
17.0763
17.0776
17.1553
17.4311
17.4634
17.4634
17.4634
17.4647
17.4792
16.7129
16.7129
16.7142
16.7466
16.8163
16.8953
17.0065
17.0605
17.0605
17.0763
16.4825
16.6991
16.7129
16.7129
16.7129
16.7142
16.7142
16.7142
16.7155
16.7195
16.1823
16.3864
16.3864
16.3877
16.4825
16.5310
16.5660
16.6655
16.6927
16.6991
16.0921
16.1823
16.1837
16.2607
16.2861
16.3233
16.3456
16.3707
16.3864
16.3864
16.0036
16.0822
16.0921
16.0921
16.0934
16.1357
16.1418
16.1446
16.1525
16.1650
15.8691
15.8752
16.0036
16.0233
16.0677
16.0702
16.0822
16.0822
16.0921
16.0921
15.6301
15.7508
15.7665
15.8176
15.8691
15.8752
15.8752
15.9019
15.9075
15.9421
15.5806
15.6301
15.6315
15.6589
15.6992
15.7159
15.7508
15.7522
15.7665
15.7679
15.5806
15.6214
15.6301
15.6315
15.6498
15.6498
15.6524
15.6589
15.6603
15.6603
15.4352
15.4411
15.5806
15.5819
15.5990
15.6135
15.6206
15.6214
15.6261
15.6266
15.2456
15.3837
15.4352
15.4411
15.4698
15.4760
15.5105
15.5135
15.5180
15.5411
15.2456
15.2716
15.3382
15.3457
15.3837
15.3837
15.3876
15.4248
15.4352
15.4365
15.1565
15.2456
15.2618
15.2716
15.3011
15.3091
15.3370
15.3382
15.3421
15.3457
15.0840
15.0919
15.1565
15.1565
15.1754
15.2456
15.2607
15.2618
15.2618
15.2716
14.9926
15.0840
15.0854
15.0919
15.1069
15.1267
15.1312
15.1323
15.1427
15.1565
14.9926
14.9926
14.9955
15.0100
15.0840
15.0846
15.0854
15.0854
15.0880
15.0919
14.8444
14.8474
14.9255
14.9280
14.9926
14.9926
14.9955
15.0100
15.0100
15.0100
14.8444
14.8459
14.8459
14.8474
14.8474
14.8814
14.8899
14.9255
14.9255
14.9269
14.7121
14.7813
14.7827
14.8444
14.8444
14.8459
14.8459
14.8459
14.8474
14.8474
14.6509
14.7121
14.7121
14.7136
14.7412
14.7682
14.7805
14.7813
14.7827
14.7868
14.5344
14.6509
14.6581
14.6643
14.6784
14.7121
14.7121
14.7121
14.7121
14.7136
14.5344
14.5344
14.5663
14.5886
14.5936
14.5951
14.6371
14.6509
14.6526
14.6581
14.5225
14.5344
14.5344
14.5344
14.5454
14.5618
14.5663
14.5719
14.5838
14.5886
14.5225
14.5344
14.5344
14.5344
14.5344
14.5358
14.5358
14.5397
14.5454
14.5493
14.5225
14.5225
14.5304
14.5344
14.5344
14.5344
14.5344
14.5344
14.5358
14.5358
14.5225
14.5225
14.5239
14.5245
14.5259
14.5265
14.5279
14.5304
14.5304
14.5319
14.5225
14.5225
14.5225
14.5225
14.5239
14.5239
14.5239
14.5245
14.5245
14.5259
14.5220
14.5225
14.5225
14.5225
14.5225
14.5225
14.5239
14.5239
14.5239
14.5239
14.5062
14.5220
14.5220
14.5225
14.5225
14.5225
14.5225
14.5225
14.5225
14.5225
14.5062
14.5062
14.5220
14.5220
14.5220
14.5225
14.5225
14.5225
14.5225
14.5225
14.5062
14.5062
14.5062
14.5062
14.5090
14.5220
14.5220
14.5220
14.5220
14.5220
14.5062
14.5062
14.5062
14.5062
14.5062
14.5062
14.5062
14.5062
14.5062
14.5090
14.5062
14.5062
14.5062
14.5062
14.5062
14.5062
14.5062
14.5062
14.5062
14.5062
14.5062
14.5062
14.5062
14.5062
14.5062
14.5062
14.5062
14.5062
14.5062
14.5062
14.5062
14.5062
14.5062
14.5062
14.5062
14.5062
14.5062
14.5062
14.5062
14.5062
14.5062
14.5062
14.5062
14.5062
14.5062
14.5062
14.5062
14.5062
14.5062
14.5062
14.5062
14.5062
14.5062
14.5062
14.5062
14.5062
14.5062
14.5062
14.5062
14.5062
14.5062
14.5062
14.5062
14.5062
14.5062
14.5062
14.5062
14.5062
14.5062
14.5062
14.5062
14.5062
14.5062
14.5062
14.5062
14.5062
14.5062
14.5062
14.5062
14.5062
14.5062
14.5062
14.5062
14.5062
14.5062
14.5062
14.5062
14.5062
14.5062
14.5062
14.5062
14.5062
14.5062
14.5062
14.5062
14.5062
14.5062
14.5062
14.5062
14.5062
14.5062
14.5062
14.5062
14.5062
14.5062
14.5062
14.5062
14.5062
14.5062
14.5062
14.5062
14.5062
14.5062
14.5062
14.5062
14.5062
14.5062
14.5062
14.5062
14.5062
14.5062
14.5062
14.5062
14.5062
14.5062
14.5062
14.5062
14.5062
14.5062
14.5062
14.5062
14.5062
14.5062
14.5062
14.5062
14.5062
14.5062
14.5062
14.5062
14.5062
14.5062
14.5062
14.5062
14.5062
14.5062
14.5062
14.5062
14.5062
14.5062
14.5062
14.5062
14.5062
14.5062
14.5062
14.5062
14.5062
14.5062
14.5062
14.5062
14.5062
14.5062
14.5062
14.5062
14.5062
14.5062
14.5062
14.5062
14.5062
14.5062
14.5062
14.5062
14.5062
14.5062
14.5062
14.5062
14.5062
14.5062
14.5062
14.5062
14.5062
14.5062
14.5062
14.5062
14.5062
14.5062
14.5062
14.5062
14.5062
14.5062
14.5062
14.5062
14.5062
14.5062
14.5062
14.5062
14.5062
14.5062
14.5062
14.5062
14.5062
14.5062
14.5062
14.5062
14.5062
14.5062
14.5062
14.5062
14.5062
14.5062
14.5062
14.5062
14.5062
14.5062
14.5062
14.5062
14.5062
14.5062
14.5062
14.5062
14.5062
14.5062
14.5062
14.5062
14.5062
14.5062
14.5062
14.5062
14.5062
14.5062
14.5062
14.5062
14.5062
14.5062
14.5062
14.5062
14.5062
14.5062
14.5062
14.5062
14.5062
14.5062
14.5062
14.5062
14.5062
14.5062
14.5062
14.5062
14.5062
14.5062
14.5062
14.5062
14.5062
14.5062
14.5062
14.5062
14.5062
14.5062
14.5062
14.5062
14.5062
14.5062
14.5062
14.5062
14.5062
14.5062
14.5062
14.5062
14.5062
14.5062
14.5062
14.5062
14.5062
14.5062
14.5062
14.5062
14.5062
14.5062
14.5062
14.5062
14.5062
14.5062
14.5062
14.5062
14.5062
14.5062
14.5062
14.5062
14.5062
14.5062
14.5062
14.5062
14.5062
14.5062
14.5062
14.5062
14.5062
14.5062
14.5062
14.5062
14.5062
14.5062
14.5062
14.5062
14.5062
14.5062
14.5062
14.5062
14.5062
14.5062
14.5062
14.5062
14.5062
14.5062
14.5062
14.5062
14.5062
14.5062
14.5062
14.5062
14.5062
14.5062
14.5062
14.5062
14.5062
14.5062
14.5062
14.5062
14.5062
14.5062
14.5062
14.5062
14.5062
14.5062
14.5062
14.5062
14.5062
14.5062
14.5062
14.5062
14.5062
14.5062
14.5062
14.5062
14.5062
14.5062
14.5062
14.5062
14.5062
14.5062
14.5062
14.5062
14.5062
14.5062
14.5062
14.5062
14.5062
14.5062
14.5062
14.5062
14.5062
14.5062
14.5062
14.5062
14.5062
14.5062
14.5062
14.5062
14.5062
14.5062
14.5062
14.5062
14.5062
14.5062
14.5062
14.5062
14.5062
14.5062
14.5062
14.5062
14.5062
14.5062
14.5062
14.5062
14.5062
14.5062
14.5062
14.5062
14.5062
14.5062
14.5062
14.5062
14.5062
14.5062
14.5062
14.5062
14.5062
14.5062
14.5062
14.5062
14.5062
14.5062
14.5062
14.5062
14.5062
14.5062
14.5062
14.5062
14.5062
14.5062
14.5062
14.5062
14.5062
14.5062
14.5062
14.5062
14.5062
14.5062
14.5062
14.5062
14.5062
14.5062
14.5062
14.5062
14.5062
14.5062
14.5062
14.5062
14.5062
14.5062
14.5062
14.5062
14.5062
14.5062
14.5062
14.5062
14.5062
14.5062
14.5062
14.5062
14.5062
14.5062
14.5062
14.5062
14.5062
14.5062
14.5062
14.5062
14.5062
14.5062
14.5062
14.5062
14.5062
14.5062
14.5062
14.5062
14.5062
14.5062
14.5062
14.5062
14.5062
14.5062
14.5062
14.5062
14.5062
14.5062
14.5062
14.5062
14.5062
14.5062
14.5062
14.5062
14.5062
14.5062
14.5062
14.5062
14.5062
14.5062
14.5062
14.5062
14.5062
14.5062
14.5062
14.5062
14.5062
14.5062
14.5062
14.5062
14.5062
14.5062
14.5062
14.5062
14.5062
14.5062
14.5062
14.5062
14.5062
14.5062
14.5062
14.5062
14.5062
14.5062
14.5062
14.5062
14.5062
14.5062
14.5062
14.5062
14.5062
14.5062
14.5062
14.5062
14.5062
14.5062
14.5062
14.5062
14.5062
14.5062
14.5062
14.5062
14.5062
14.5062
14.5062
14.5062
14.5062
14.5062
14.5062
14.5062
14.5062
14.5062
14.5062
14.5062
14.5062
14.5062
14.5062
14.5062
14.5062
14.5062
14.5062
14.5062
14.5062
14.5062
14.5062
14.5062
14.5062
14.5062
14.5062
14.5062
14.5062
14.5062
14.5062
14.5062
14.5062
14.5062
14.5062
14.5062
14.5062
14.5062
14.5062
14.5062
14.5062
14.5062
14.5062
14.5062
14.5062
14.5062
14.5062
14.5062
14.5062
14.5062
14.5062
14.5062
14.5062
14.5062
14.5062
14.5062
14.5062
14.5062
14.5062
14.5062
14.5062
14.5062
14.5062
14.5062
14.5062
14.5062
14.5062
14.5062
14.5062
14.5062
14.5062
14.5062
14.5062
14.5062
14.5062
14.5062
14.5062
14.5062
14.5062
14.5062
14.5062
14.5062
14.5062
14.5062
14.5062
14.5062
14.5062
14.5062
14.5062
14.5062
14.5062
14.5062
14.5062
14.5062
14.5062
14.5062
14.5062
14.5062
14.5062
14.5062
14.5062
14.5062
14.5062
14.5062
14.5062
14.5062
14.5062
14.5062
14.5062
14.5062
14.5062
14.5062
14.5062
14.5062
14.5062
14.5062
14.5062
14.5062
14.5062
14.5062
14.5062
14.5062
14.5062
14.5062
14.5062
14.5062
14.5062
14.5062
14.5062
14.5062
14.5062
14.5062
14.5062
14.5062
14.5062
14.5062
14.5062
14.5062
14.5062
14.5062
14.5062
14.5062
14.5062
14.5062
14.5062
14.5062
14.5062
14.5062
14.5062
14.5062
14.5062
