0 - [ 20  23  21  4  7  5  1  26  18  17  ]
1 - [ 28  20  49  29  30  31  23  37  47  4  ]
2 - [ 55  28  60  56  62  82  61  72  69  20  ]
3 - [ 93  101  83  28  55  85  89  60  88  86  ]
4 - [ 110  124  130  133  93  111  129  128  112  101  ]
5 - [ 142  110  139  144  140  165  143  163  130  124  ]
6 - [ 181  170  142  192  169  171  174  177  180  173  ]
7 - [ 213  216  181  199  215  227  170  202  205  142  ]
8 - [ 228  234  237  245  213  232  216  229  233  239  ]
9 - [ 266  228  257  258  281  274  234  260  237  263  ]
10 - [ 266  285  228  257  290  310  293  258  287  292  ]
11 - [ 329  338  266  311  312  315  318  285  340  319  ]
12 - [ 344  352  329  338  345  342  348  368  351  350  ]
13 - [ 344  370  388  396  373  352  371  374  329  375  ]
14 - [ 403  344  398  370  401  416  423  388  404  407  ]
15 - [ 430  433  445  403  425  344  426  428  398  370  ]
16 - [ 459  430  453  433  454  457  456  461  460  403  ]
17 - [ 505  459  481  482  430  485  453  487  483  433  ]
18 - [ 508  513  524  530  459  505  481  509  482  511  ]
19 - [ 508  536  537  513  539  540  538  524  543  542  ]
20 - [ 565  584  589  508  566  568  537  536  539  513  ]
21 - [ 595  565  603  606  593  619  614  584  589  602  ]
22 - [ 620  595  636  644  621  624  627  565  603  606  ]
23 - [ 650  620  648  652  670  673  651  595  654  636  ]
24 - [ 693  620  650  676  677  680  648  683  689  652  ]
25 - [ 693  706  620  650  676  711  708  709  677  713  ]
26 - [ 693  730  740  676  650  620  706  739  751  743  ]
27 - [ 693  730  759  778  786  760  763  740  781  766  ]
28 - [ 791  730  802  693  804  794  759  796  778  786  ]
29 - [ 835  730  693  823  791  802  831  759  804  828  ]
30 - [ 862  835  844  859  791  693  730  802  823  856  ]
31 - [ 874  862  835  844  880  730  887  856  823  791  ]
32 - [ 862  902  874  905  901  844  907  880  913  835  ]
33 - [ 905  862  874  932  937  935  902  952  930  940  ]
34 - [ 930  964  958  952  970  967  905  874  862  935  ]
35 - [ 986  967  964  905  1008  1003  970  989  998  930  ]
36 - [ 986  998  1037  1034  1017  1003  1039  1029  930  1023  ]
37 - [ 1065  1062  1053  1029  1039  1034  1037  1003  1051  998  ]
38 - [ 1029  1065  1094  1053  1082  1037  1070  1091  1062  1039  ]
39 - [ 1065  1037  1070  1091  1029  1122  1106  1116  1039  1114  ]
40 - [ 1131  1029  1114  1091  1146  1149  1065  1039  1140  1143  ]
41 - [ 1131  1065  1165  1039  1171  1091  1160  1114  1146  1179  ]
42 - [ 1146  1188  1039  1160  1171  1193  1131  1114  1091  1191  ]
43 - [ 1160  1233  1213  1114  1188  1236  1146  1230  1131  1171  ]
44 - [ 1241  1246  1171  1249  1254  1260  1213  1230  1233  1263  ]
45 - [ 1274  1260  1276  1213  1171  1246  1268  1254  1281  1230  ]
46 - [ 1274  1299  1297  1268  1254  1294  1301  1291  1276  1310  ]
47 - [ 1299  1333  1343  1328  1291  1301  1268  1254  1330  1274  ]
48 - [ 1346  1357  1343  1299  1333  1274  1354  1301  1363  1367  ]
49 - [ 1299  1383  1363  1354  1386  1380  1391  1357  1301  1394  ]
50 - [ 1400  1299  1426  1415  1383  1363  1394  1391  1380  1423  ]
51 - [ 1455  1452  1400  1423  1432  1394  1391  1446  1415  1438  ]
52 - [ 1457  1476  1465  1391  1455  1452  1473  1479  1462  1438  ]
53 - [ 1495  1462  1452  1485  1488  1490  1506  1503  1438  1455  ]
54 - [ 1490  1528  1503  1530  1514  1511  1485  1517  1532  1495  ]
55 - [ 1490  1548  1503  1514  1532  1540  1495  1538  1530  1556  ]
56 - [ 1540  1581  1589  1556  1538  1570  1565  1532  1495  1514  ]
57 - [ 1538  1605  1570  1514  1596  1495  1607  1594  1556  1540  ]
58 - [ 1605  1594  1625  1495  1556  1642  1538  1570  1630  1596  ]
59 - [ 1594  1659  1538  1495  1605  1556  1657  1661  1650  1667  ]
60 - [ 1657  1675  1689  1605  1667  1556  1670  1650  1678  1684  ]
61 - [ 1689  1650  1556  1716  1710  1698  1670  1700  1667  1684  ]
62 - [ 1684  1747  1716  1750  1667  1670  1731  1741  1710  1725  ]
63 - [ 1774  1762  1753  1759  1741  1670  1779  1684  1710  1750  ]
64 - [ 1801  1795  1684  1784  1793  1710  1753  1782  1787  1741  ]
65 - [ 1684  1821  1787  1710  1793  1816  1827  1833  1813  1810  ]
66 - [ 1853  1827  1841  1844  1833  1816  1850  1861  1847  1684  ]
67 - [ 1827  1878  1841  1816  1891  1872  1888  1883  1861  1850  ]
68 - [ 1850  1841  1913  1901  1904  1827  1898  1910  1872  1816  ]
69 - [ 1816  1925  1948  1901  1850  1922  1841  1904  1910  1945  ]
70 - [ 1904  1816  1963  1958  1910  1945  1975  1922  1948  1955  ]
71 - [ 1904  1986  1995  1955  2000  1975  1948  1963  1910  1978  ]
72 - [ 2029  1904  1910  2026  1975  1963  2032  1995  2005  2014  ]
73 - [ 2029  1904  2038  2053  2050  2056  2032  2005  1995  2026  ]
74 - [ 2067  2038  2069  2072  2070  2050  2087  2005  2032  1904  ]
75 - [ 2087  2072  2069  2005  2106  2032  2092  2117  2101  2109  ]
76 - [ 2032  2092  2130  2124  2117  2101  2133  2120  2069  2005  ]
77 - [ 2069  2159  2133  2130  2120  2032  2156  2092  2005  2124  ]
78 - [ 2198  2174  2032  2183  2195  2124  2192  2120  2130  2133  ]
79 - [ 2207  2120  2130  2192  2124  2174  2198  2220  2229  2032  ]
80 - [ 2120  2032  2257  2192  2249  2255  2238  2235  2198  2229  ]
81 - [ 2263  2120  2032  2272  2235  2238  2198  2284  2249  2192  ]
82 - [ 2272  2306  2192  2298  2249  2120  2301  2309  2289  2315  ]
83 - [ 2298  2289  2315  2324  2333  2309  2337  2120  2342  2318  ]
84 - [ 2362  2318  2315  2120  2298  2289  2365  2345  2367  2309  ]
85 - [ 2380  2394  2367  2298  2315  2345  2365  2375  2388  2397  ]
86 - [ 2425  2365  2402  2367  2422  2380  2408  2420  2375  2399  ]
87 - [ 2408  2380  2434  2420  2402  2445  2399  2422  2375  2430  ]
88 - [ 2422  2473  2420  2454  2399  2408  2402  2476  2375  2380  ]
89 - [ 2476  2480  2420  2486  2399  2497  2494  2375  2483  2500  ]
90 - [ 2519  2486  2513  2525  2516  2497  2494  2483  2500  2375  ]
91 - [ 2525  2551  2500  2560  2554  2375  2542  2483  2497  2548  ]
92 - [ 2500  2563  2569  2560  2483  2542  2579  2571  2576  2585  ]
93 - [ 2483  2613  2616  2591  2576  2594  2563  2542  2571  2603  ]
94 - [ 2622  2542  2634  2636  2628  2563  2576  2594  2642  2619  ]
95 - [ 2563  2653  2642  2576  2670  2628  2636  2668  2622  2659  ]
96 - [ 2687  2679  2668  2659  2563  2622  2694  2670  2689  2698  ]
97 - [ 2715  2701  2704  2622  2563  2689  2723  2718  2709  2670  ]
98 - [ 2748  2740  2732  2701  2729  2622  2709  2743  2715  2745  ]
99 - [ 2748  2709  2715  2765  2770  2773  2759  2732  2756  2778  ]
