15.4489
15.4502
15.4568
15.4568
15.4568
15.4581
15.4581
15.4581
15.4581
15.4581
15.4489
15.4489
15.4502
15.4502
15.4568
15.4568
15.4568
15.4568
15.4568
15.4581
15.4489
15.4489
15.4489
15.4502
15.4502
15.4502
15.4502
15.4502
15.4502
15.4568
15.4489
15.4489
15.4489
15.4489
15.4502
15.4502
15.4502
15.4502
15.4502
15.4502
15.4489
15.4489
15.4489
15.4489
15.4489
15.4489
15.4502
15.4502
15.4502
15.4502
15.4489
15.4489
15.4489
15.4489
15.4489
15.4489
15.4489
15.4489
15.4489
15.4502
15.4489
15.4489
15.4489
15.4489
15.4489
15.4489
15.4489
15.4489
15.4489
15.4489
15.4489
15.4489
15.4489
15.4489
15.4489
15.4489
15.4489
15.4489
15.4489
15.4489
15.4489
15.4489
15.4489
15.4489
15.4489
15.4489
15.4489
15.4489
15.4489
15.4489
15.4489
15.4489
15.4489
15.4489
15.4489
15.4489
15.4489
15.4489
15.4489
15.4489
15.4489
15.4489
15.4489
15.4489
15.4489
15.4489
15.4489
15.4489
15.4489
15.4489
15.4489
15.4489
15.4489
15.4489
15.4489
15.4489
15.4489
15.4489
15.4489
15.4489
15.4489
15.4489
15.4489
15.4489
15.4489
15.4489
15.4489
15.4489
15.4489
15.4489
15.4489
15.4489
15.4489
15.4489
15.4489
15.4489
15.4489
15.4489
15.4489
15.4489
15.4489
15.4489
15.4489
15.4489
15.4489
15.4489
15.4489
15.4489
15.4489
15.4489
15.4489
15.4489
15.4489
15.4489
15.4489
15.4489
15.4489
15.4489
15.4489
15.4489
15.4489
15.4489
15.4489
15.4489
15.4489
15.4489
15.4489
15.4489
15.4489
15.4489
15.4489
15.4489
15.4489
15.4489
15.4489
15.4489
15.4489
15.4489
15.4489
15.4489
15.4489
15.4489
15.4489
15.4489
15.4489
15.4489
15.4489
15.4489
15.4489
15.4489
15.4489
15.4489
15.4489
15.4489
15.4489
15.4489
15.4489
15.4489
15.4489
15.4489
15.4489
15.4489
15.4489
15.4489
15.4489
15.4489
15.4489
15.4489
15.4489
15.4489
15.4489
15.4489
15.4489
15.4489
15.4489
15.4489
15.4489
15.4489
15.4489
15.4489
15.4489
15.4489
15.4489
15.4489
15.4489
15.4489
15.4489
15.4489
15.4489
15.4489
15.4489
15.4489
15.4489
15.4489
15.4489
15.4489
15.4489
15.4489
15.4489
15.4489
15.4489
15.4489
15.4489
15.4489
15.4489
15.4489
15.4489
15.4489
15.4489
15.4489
15.4489
15.4489
15.4489
15.4489
15.4489
15.4489
15.4489
15.4489
15.4489
15.4489
15.4489
15.4489
15.4489
15.4489
15.4489
15.4489
15.4489
15.4489
15.4489
15.4489
15.4489
15.4489
15.4489
15.4489
15.4489
15.4489
15.4489
15.4489
15.4489
15.4489
15.2474
15.4489
15.4489
15.4489
15.4489
15.4489
15.4489
15.4489
15.4489
15.4489
15.2474
15.2751
15.4489
15.4489
15.4489
15.4489
15.4489
15.4489
15.4489
15.4489
15.2474
15.2672
15.2751
15.2751
15.2918
15.4489
15.4489
15.4489
15.4489
15.4489
15.2474
15.2672
15.2672
15.2751
15.2751
15.2751
15.2849
15.2909
15.2918
15.2918
15.2474
15.2593
15.2672
15.2672
15.2679
15.2711
15.2751
15.2751
15.2751
15.2751
15.2474
15.2540
15.2593
15.2607
15.2632
15.2672
15.2672
15.2679
15.2698
15.2698
15.2474
15.2540
15.2540
15.2540
15.2567
15.2593
15.2607
15.2632
15.2645
15.2647
15.2474
15.2501
15.2540
15.2540
15.2540
15.2540
15.2540
15.2540
15.2554
15.2567
15.2474
15.2501
15.2514
15.2514
15.2514
15.2527
15.2540
15.2540
15.2540
15.2540
15.2356
15.2369
15.2474
15.2501
15.2501
15.2501
15.2514
15.2514
15.2514
15.2514
15.2356
15.2356
15.2369
15.2382
15.2474
15.2487
15.2501
15.2501
15.2501
15.2501
15.2356
15.2356
15.2356
15.2356
15.2369
15.2382
15.2382
15.2395
15.2474
15.2487
15.2356
15.2356
15.2356
15.2356
15.2356
15.2356
15.2356
15.2356
15.2356
15.2369
15.2356
15.2356
15.2356
15.2356
15.2356
15.2356
15.2356
15.2356
15.2356
15.2356
15.2356
15.2356
15.2356
15.2356
15.2356
15.2356
15.2356
15.2356
15.2356
15.2356
15.2356
15.2356
15.2356
15.2356
15.2356
15.2356
15.2356
15.2356
15.2356
15.2356
15.2356
15.2356
15.2356
15.2356
15.2356
15.2356
15.2356
15.2356
15.2356
15.2356
15.2356
15.2356
15.2356
15.2356
15.2356
15.2356
15.2356
15.2356
15.2356
15.2356
15.2356
15.2356
15.2356
15.2356
15.2356
15.2356
15.2356
15.2356
15.2356
15.2356
15.2356
15.2356
15.2356
15.2356
15.2356
15.2356
15.2356
15.2356
15.2356
15.2356
15.2356
15.2356
15.2356
15.2356
15.2356
15.2356
15.2356
15.2356
15.2356
15.2356
15.2356
15.2356
15.2356
15.2356
15.2356
15.2356
15.2356
15.2356
15.2356
15.2356
15.2356
15.2356
15.2356
15.2356
15.2356
15.2356
15.2356
15.2356
15.2356
15.2356
15.2356
15.2356
15.2356
15.2356
15.2356
15.2356
15.2356
15.2356
15.2356
15.2356
15.2356
15.2356
15.2356
15.2356
15.2356
15.2356
15.2356
15.2356
15.2356
15.2356
15.2356
15.2356
15.2356
15.2356
15.2356
15.2356
15.2356
15.2356
15.2356
15.2356
15.2356
15.2356
15.2356
15.2356
15.2356
15.2356
15.2356
15.2356
15.2356
15.2356
15.2356
15.2356
15.2356
15.2356
15.2356
15.2356
15.2356
15.2356
15.2356
15.2356
15.2356
15.2356
15.2356
15.2356
15.2356
15.2356
15.2356
15.2356
15.2356
15.2356
15.2356
15.2356
15.2356
15.2356
15.2356
15.2356
15.2356
15.2356
15.2356
15.2356
15.2356
15.2356
15.2356
15.2356
15.2356
15.2356
15.2356
15.2356
15.2356
15.2356
15.2356
15.2356
15.2356
15.2356
15.2356
15.2356
15.2356
15.2356
15.2356
15.2356
15.2356
15.2356
15.2356
15.2356
15.2356
15.2356
15.2356
15.2356
15.2356
15.2356
15.2356
15.2356
15.2356
15.2356
15.2356
15.2356
15.2356
15.2356
15.2356
15.2356
15.2356
15.2356
15.2356
15.2356
15.2356
15.2356
15.2356
15.2356
15.2356
15.2356
15.2356
15.2356
15.2356
15.2356
15.2356
15.2356
15.2356
15.2356
15.2356
15.2356
15.2356
15.2356
15.2356
15.2356
15.2356
15.2356
15.2356
15.2356
15.2356
15.2356
15.2356
15.2356
15.2356
15.2356
15.2356
15.2356
15.2356
15.2356
15.2356
15.2356
15.2356
15.2356
15.2356
15.2356
15.2356
15.2356
15.2356
15.2356
15.2356
15.2356
15.2356
15.2356
15.2356
15.2356
15.2356
15.2356
15.2356
15.2356
15.2356
15.2356
15.2356
15.2356
15.2356
15.2356
15.2356
15.2356
15.2356
15.2356
15.2356
15.2356
15.2356
15.2356
15.2356
15.2356
15.2356
15.2356
15.2356
15.2356
15.2356
15.2356
15.2356
15.2356
15.2356
15.2356
15.2356
15.2356
15.2356
15.2356
15.2356
15.2356
15.2356
15.2356
15.2356
15.2356
15.2356
15.2356
15.2356
15.2356
15.2356
15.2356
15.2356
15.2356
15.2356
15.2356
15.2356
15.2356
15.2356
15.2356
15.2356
15.2356
15.2356
15.2356
15.2356
15.2356
15.2356
15.2356
15.2356
15.2356
15.2356
15.2356
15.2356
15.2356
15.2356
15.2356
15.2356
15.2356
15.2356
15.2356
15.2356
15.2356
15.2356
15.2356
15.2356
15.2356
15.2356
15.2356
15.2356
15.2356
15.2356
15.2356
15.2356
15.2356
15.2356
15.2356
15.2356
15.2356
15.2356
15.2356
15.2356
15.2356
15.2356
15.2356
15.2356
15.2356
15.2356
15.2356
15.2356
15.2356
15.2356
15.2356
15.2356
15.2356
15.2356
15.2356
15.2356
15.2356
15.2356
15.2356
15.2356
15.2356
15.2356
15.2356
15.2356
15.2356
15.2356
15.2356
15.2356
15.2356
15.2356
15.2356
15.2356
15.2356
15.2356
15.2356
15.2356
15.2356
15.2356
15.2356
15.2356
15.2356
15.2356
15.2356
15.2356
15.2356
15.2356
15.2356
15.2356
15.2356
15.2356
15.2356
15.2356
15.2356
15.2356
15.2356
15.2356
15.2356
15.2356
15.2356
15.2356
15.2356
15.2356
15.2356
15.2356
15.2356
15.2356
15.2356
15.2356
15.2356
15.2356
15.2356
15.2356
15.2356
15.2356
15.2356
15.2356
15.2356
15.2356
15.2356
15.2356
15.2356
15.2356
15.2356
15.2356
15.2356
15.2356
15.2356
15.2356
15.2356
15.2356
15.2356
15.2356
15.2356
15.2356
15.2356
15.2356
15.2356
15.2356
15.2356
15.2356
15.2356
15.2356
15.2356
15.2356
15.2356
15.2356
15.2356
15.2356
15.2356
15.2356
15.2356
15.2356
15.2356
15.2356
15.2356
15.2356
15.2356
15.2356
15.2356
15.2356
15.2356
15.2356
15.2356
15.2356
15.2356
15.2356
15.2356
15.2356
15.2356
15.2356
15.2356
15.2356
15.2356
15.2356
15.2356
15.2356
15.2356
15.2356
15.2356
15.2356
15.2356
15.2356
15.2356
15.2356
15.2356
15.2356
15.2356
15.2356
15.2356
15.2356
15.2356
15.2356
15.2356
15.2356
15.2356
15.2356
15.2356
15.2356
15.2356
15.2356
15.2356
15.2356
15.2356
15.2356
15.2356
15.2356
15.2356
15.2356
15.2356
15.2356
15.2356
15.2356
15.2356
15.2356
15.2356
15.2356
15.2356
15.2356
15.2356
15.2356
15.2356
15.2356
15.2356
15.2356
15.2356
15.2356
15.2356
15.2356
15.2356
15.2356
15.2356
15.2356
15.2356
15.2356
15.2356
15.2356
15.2356
15.2356
15.2356
15.2356
15.2356
15.2356
15.2356
15.2356
15.2356
15.2356
15.2356
15.2356
15.2356
15.2356
15.2356
15.2356
15.2356
15.2356
15.2356
15.2356
15.2356
15.2356
15.2356
15.2356
15.2356
15.2356
15.2356
15.2356
15.2356
15.2356
15.2356
15.2356
15.2356
15.2356
15.2356
