15.4489	2770.1000	15.4502	2770.1000	15.4568	2770.1000	
15.4489	2770.1000	15.4489	2770.1000	15.4502	2770.1000	
15.4489	2770.1000	15.4489	2770.1000	15.4489	2770.1000	
15.4489	2770.1000	15.4489	2770.1000	15.4489	2770.1000	
15.4489	2770.1000	15.4489	2770.1000	15.4489	2770.1000	
15.4489	2770.1000	15.4489	2770.1000	15.4489	2770.1000	
15.4489	2770.1000	15.4489	2770.1000	15.4489	2770.1000	
15.4489	2770.1000	15.4489	2770.1000	15.4489	2770.1000	
15.4489	2770.1000	15.4489	2770.1000	15.4489	2770.1000	
15.4489	2770.1000	15.4489	2770.1000	15.4489	2770.1000	
15.4489	2770.1000	15.4489	2770.1000	15.4489	2770.1000	
15.4489	2770.1000	15.4489	2770.1000	15.4489	2770.1000	
15.4489	2770.1000	15.4489	2770.1000	15.4489	2770.1000	
15.4489	2770.1000	15.4489	2770.1000	15.4489	2770.1000	
15.4489	2770.1000	15.4489	2770.1000	15.4489	2770.1000	
15.4489	2770.1000	15.4489	2770.1000	15.4489	2770.1000	
15.4489	2770.1000	15.4489	2770.1000	15.4489	2770.1000	
15.4489	2770.1000	15.4489	2770.1000	15.4489	2770.1000	
15.4489	2770.1000	15.4489	2770.1000	15.4489	2770.1000	
15.4489	2770.1000	15.4489	2770.1000	15.4489	2770.1000	
15.4489	2770.1000	15.4489	2770.1000	15.4489	2770.1000	
15.4489	2770.1000	15.4489	2770.1000	15.4489	2770.1000	
15.4489	2770.1000	15.4489	2770.1000	15.4489	2770.1000	
15.4489	2770.1000	15.4489	2770.1000	15.4489	2770.1000	
15.4489	2770.1000	15.4489	2770.1000	15.4489	2770.1000	
15.4489	2770.1000	15.4489	2770.1000	15.4489	2770.1000	
15.4489	2770.1000	15.4489	2770.1000	15.4489	2770.1000	
15.4489	2770.1000	15.4489	2770.1000	15.4489	2770.1000	
15.2474	2770.1000	15.4489	2770.1000	15.4489	2770.1000	
15.2474	2770.1000	15.2751	2770.1000	15.4489	2770.1000	
15.2474	2770.1000	15.2672	2770.1000	15.2751	2770.1000	
15.2474	2770.1000	15.2672	2770.1000	15.2672	2770.1000	
15.2474	2770.1000	15.2593	2770.1000	15.2672	2770.1000	
15.2474	2770.1000	15.2540	2770.1000	15.2593	2770.1000	
15.2474	2770.1000	15.2540	2770.1000	15.2540	2770.1000	
15.2474	2770.1000	15.2501	2770.1000	15.2540	2770.1000	
15.2474	2770.1000	15.2501	2770.1000	15.2514	2770.1000	
15.2356	2770.1000	15.2369	2770.1000	15.2474	2770.1000	
15.2356	2770.1000	15.2356	2770.1000	15.2369	2770.1000	
15.2356	2770.1000	15.2356	2770.1000	15.2356	2770.1000	
15.2356	2770.1000	15.2356	2770.1000	15.2356	2770.1000	
15.2356	2770.1000	15.2356	2770.1000	15.2356	2770.1000	
15.2356	2770.1000	15.2356	2770.1000	15.2356	2770.1000	
15.2356	2770.1000	15.2356	2770.1000	15.2356	2770.1000	
15.2356	2770.1000	15.2356	2770.1000	15.2356	2770.1000	
15.2356	2770.1000	15.2356	2770.1000	15.2356	2770.1000	
15.2356	2770.1000	15.2356	2770.1000	15.2356	2770.1000	
15.2356	2770.1000	15.2356	2770.1000	15.2356	2770.1000	
15.2356	2770.1000	15.2356	2770.1000	15.2356	2770.1000	
15.2356	2770.1000	15.2356	2770.1000	15.2356	2770.1000	
15.2356	2770.1000	15.2356	2770.1000	15.2356	2770.1000	
15.2356	2770.1000	15.2356	2770.1000	15.2356	2770.1000	
15.2356	2770.1000	15.2356	2770.1000	15.2356	2770.1000	
15.2356	2770.1000	15.2356	2770.1000	15.2356	2770.1000	
15.2356	2770.1000	15.2356	2770.1000	15.2356	2770.1000	
15.2356	2770.1000	15.2356	2770.1000	15.2356	2770.1000	
15.2356	2770.1000	15.2356	2770.1000	15.2356	2770.1000	
15.2356	2770.1000	15.2356	2770.1000	15.2356	2770.1000	
15.2356	2770.1000	15.2356	2770.1000	15.2356	2770.1000	
15.2356	2770.1000	15.2356	2770.1000	15.2356	2770.1000	
15.2356	2770.1000	15.2356	2770.1000	15.2356	2770.1000	
15.2356	2770.1000	15.2356	2770.1000	15.2356	2770.1000	
15.2356	2770.1000	15.2356	2770.1000	15.2356	2770.1000	
15.2356	2770.1000	15.2356	2770.1000	15.2356	2770.1000	
15.2356	2770.1000	15.2356	2770.1000	15.2356	2770.1000	
15.2356	2770.1000	15.2356	2770.1000	15.2356	2770.1000	
15.2356	2770.1000	15.2356	2770.1000	15.2356	2770.1000	
15.2356	2770.1000	15.2356	2770.1000	15.2356	2770.1000	
15.2356	2770.1000	15.2356	2770.1000	15.2356	2770.1000	
15.2356	2770.1000	15.2356	2770.1000	15.2356	2770.1000	
15.2356	2770.1000	15.2356	2770.1000	15.2356	2770.1000	
15.2356	2770.1000	15.2356	2770.1000	15.2356	2770.1000	
15.2356	2770.1000	15.2356	2770.1000	15.2356	2770.1000	
15.2356	2770.1000	15.2356	2770.1000	15.2356	2770.1000	
15.2356	2770.1000	15.2356	2770.1000	15.2356	2770.1000	
15.2356	2770.1000	15.2356	2770.1000	15.2356	2770.1000	
15.2356	2770.1000	15.2356	2770.1000	15.2356	2770.1000	
15.2356	2770.1000	15.2356	2770.1000	15.2356	2770.1000	
15.2356	2770.1000	15.2356	2770.1000	15.2356	2770.1000	
15.2356	2770.1000	15.2356	2770.1000	15.2356	2770.1000	
15.2356	2770.1000	15.2356	2770.1000	15.2356	2770.1000	
15.2356	2770.1000	15.2356	2770.1000	15.2356	2770.1000	
15.2356	2770.1000	15.2356	2770.1000	15.2356	2770.1000	
15.2356	2770.1000	15.2356	2770.1000	15.2356	2770.1000	
15.2356	2770.1000	15.2356	2770.1000	15.2356	2770.1000	
15.2356	2770.1000	15.2356	2770.1000	15.2356	2770.1000	
15.2356	2770.1000	15.2356	2770.1000	15.2356	2770.1000	
15.2356	2770.1000	15.2356	2770.1000	15.2356	2770.1000	
15.2356	2770.1000	15.2356	2770.1000	15.2356	2770.1000	
15.2356	2770.1000	15.2356	2770.1000	15.2356	2770.1000	
15.2356	2770.1000	15.2356	2770.1000	15.2356	2770.1000	
15.2356	2770.1000	15.2356	2770.1000	15.2356	2770.1000	
15.2356	2770.1000	15.2356	2770.1000	15.2356	2770.1000	
15.2356	2770.1000	15.2356	2770.1000	15.2356	2770.1000	
15.2356	2770.1000	15.2356	2770.1000	15.2356	2770.1000	
15.2356	2770.1000	15.2356	2770.1000	15.2356	2770.1000	
15.2356	2770.1000	15.2356	2770.1000	15.2356	2770.1000	
15.2356	2770.1000	15.2356	2770.1000	15.2356	2770.1000	
15.2356	2770.1000	15.2356	2770.1000	15.2356	2770.1000	
15.2356	2770.1000	15.2356	2770.1000	15.2356	2770.1000	
