0 - [ 26  18  24  2  9  22  16  8  7  5  ]
1 - [ 26  28  18  37  2  32  9  34  24  45  ]
2 - [ 28  26  50  56  54  37  18  52  69  60  ]
3 - [ 26  71  28  50  81  75  73  52  85  77  ]
4 - [ 28  71  26  97  91  50  85  52  107  77  ]
5 - [ 111  28  50  113  26  97  91  117  71  128  ]
6 - [ 28  111  91  144  97  134  148  138  142  140  ]
7 - [ 138  166  170  142  144  168  160  164  134  154  ]
8 - [ 164  186  168  172  138  176  174  154  166  142  ]
9 - [ 154  192  166  205  194  172  196  207  176  138  ]
10 - [ 229  154  138  205  176  215  231  213  225  194  ]
11 - [ 235  138  239  231  176  252  225  248  205  244  ]
12 - [ 231  256  239  244  138  248  272  262  268  260  ]
13 - [ 231  290  284  138  248  288  282  280  268  262  ]
14 - [ 268  290  284  312  282  288  138  304  306  302  ]
15 - [ 332  304  322  284  318  328  316  320  138  312  ]
16 - [ 322  344  332  352  304  348  318  336  340  284  ]
17 - [ 358  356  375  284  332  362  352  348  366  344  ]
18 - [ 387  385  344  395  383  332  381  362  393  389  ]
19 - [ 401  403  413  411  399  381  385  332  362  397  ]
20 - [ 413  397  425  362  417  403  429  423  427  381  ]
21 - [ 451  429  437  447  425  441  445  439  453  427  ]
22 - [ 441  425  459  468  475  461  457  451  473  470  ]
23 - [ 473  479  495  493  481  441  487  483  425  461  ]
24 - [ 461  481  493  487  503  505  509  479  425  515  ]
25 - [ 425  503  509  493  531  519  521  529  515  461  ]
26 - [ 547  545  557  549  425  531  539  543  503  521  ]
27 - [ 569  503  547  577  561  565  571  521  539  545  ]
28 - [ 597  579  587  565  571  569  598  521  561  547  ]
29 - [ 597  600  602  606  610  521  571  618  616  608  ]
30 - [ 597  622  600  620  623  608  636  521  634  624  ]
31 - [ 597  622  646  600  644  620  648  640  647  623  ]
32 - [ 597  660  646  622  673  670  668  644  666  664  ]
33 - [ 597  680  660  682  684  622  646  673  696  690  ]
34 - [ 597  702  680  700  704  660  682  684  708  706  ]
35 - [ 597  722  724  680  702  720  730  700  728  704  ]
36 - [ 597  722  746  750  742  740  720  702  744  748  ]
37 - [ 768  760  597  776  778  722  766  772  746  750  ]
38 - [ 768  780  760  782  597  784  788  776  722  778  ]
39 - [ 800  802  768  780  760  804  782  806  597  810  ]
40 - [ 800  835  768  823  821  827  780  802  825  760  ]
41 - [ 845  853  827  857  825  802  847  823  855  768  ]
42 - [ 867  802  825  855  877  823  869  879  857  845  ]
43 - [ 898  893  900  895  881  867  887  855  877  891  ]
44 - [ 887  898  900  910  895  918  877  906  881  914  ]
45 - [ 934  877  928  898  930  900  932  918  914  940  ]
46 - [ 952  956  950  954  898  942  930  914  948  934  ]
47 - [ 976  948  966  952  914  968  980  950  972  964  ]
48 - [ 996  1000  964  948  972  914  980  988  976  966  ]
49 - [ 1012  976  1006  1014  964  1016  1008  1002  948  996  ]
50 - [ 1033  1016  1025  1031  1002  1014  1042  1029  1012  976  ]
51 - [ 1046  1016  1012  1062  1054  1033  1014  1060  1056  1025  ]
52 - [ 1074  1056  1070  1012  1076  1033  1062  1060  1016  1066  ]
53 - [ 1104  1016  1097  1062  1089  1012  1076  1070  1102  1100  ]
54 - [ 1104  1114  1070  1106  1076  1122  1112  1097  1110  1012  ]
55 - [ 1143  1126  1104  1139  1012  1114  1097  1133  1145  1106  ]
56 - [ 1114  1106  1145  1157  1165  1151  1104  1149  1155  1159  ]
57 - [ 1167  1176  1182  1106  1151  1104  1169  1145  1172  1180  ]
58 - [ 1145  1203  1205  1193  1106  1197  1201  1188  1189  1195  ]
59 - [ 1216  1145  1203  1222  1218  1188  1224  1226  1205  1228  ]
60 - [ 1216  1230  1234  1145  1238  1246  1224  1240  1236  1248  ]
61 - [ 1236  1255  1261  1250  1263  1265  1216  1248  1230  1257  ]
62 - [ 1250  1216  1265  1277  1282  1280  1271  1273  1286  1261  ]
63 - [ 1277  1300  1296  1280  1265  1310  1292  1271  1286  1306  ]
64 - [ 1292  1316  1312  1331  1329  1320  1280  1324  1277  1310  ]
65 - [ 1347  1343  1345  1292  1277  1316  1329  1333  1341  1351  ]
66 - [ 1361  1363  1292  1333  1341  1277  1355  1351  1365  1345  ]
67 - [ 1365  1341  1384  1351  1386  1376  1378  1333  1361  1374  ]
68 - [ 1376  1405  1409  1378  1403  1365  1399  1374  1413  1397  ]
69 - [ 1429  1374  1397  1365  1415  1409  1378  1421  1433  1376  ]
70 - [ 1449  1437  1433  1376  1421  1453  1415  1447  1451  1445  ]
71 - [ 1467  1433  1451  1445  1453  1463  1449  1461  1447  1421  ]
72 - [ 1447  1445  1467  1461  1483  1481  1451  1463  1433  1493  ]
73 - [ 1511  1501  1507  1513  1495  1445  1481  1509  1433  1497  ]
74 - [ 1481  1511  1501  1527  1529  1509  1517  1523  1521  1445  ]
75 - [ 1517  1529  1527  1501  1511  1523  1552  1542  1550  1481  ]
76 - [ 1542  1517  1574  1560  1572  1511  1501  1529  1568  1566  ]
77 - [ 1572  1542  1568  1578  1501  1566  1517  1576  1574  1590  ]
78 - [ 1605  1576  1572  1517  1613  1501  1574  1603  1596  1615  ]
79 - [ 1605  1627  1623  1576  1617  1615  1625  1619  1517  1613  ]
80 - [ 1649  1619  1615  1645  1623  1647  1655  1625  1637  1605  ]
81 - [ 1623  1649  1645  1659  1669  1663  1605  1615  1675  1665  ]
82 - [ 1663  1681  1685  1669  1665  1677  1689  1623  1645  1679  ]
83 - [ 1715  1703  1663  1709  1713  1701  1677  1623  1689  1705  ]
84 - [ 1719  1736  1724  1734  1732  1713  1722  1623  1705  1677  ]
85 - [ 1719  1754  1732  1713  1677  1734  1740  1738  1752  1750  ]
86 - [ 1750  1734  1775  1759  1732  1754  1677  1773  1713  1761  ]
87 - [ 1754  1734  1713  1791  1677  1793  1783  1732  1761  1773  ]
88 - [ 1783  1805  1732  1817  1799  1811  1815  1807  1754  1793  ]
89 - [ 1783  1799  1811  1732  1805  1835  1825  1821  1815  1827  ]
90 - [ 1841  1827  1849  1843  1839  1732  1821  1835  1805  1811  ]
91 - [ 1839  1875  1732  1849  1843  1869  1871  1805  1859  1863  ]
92 - [ 1732  1881  1805  1883  1849  1869  1875  1893  1879  1885  ]
93 - [ 1893  1875  1909  1907  1917  1903  1805  1849  1915  1869  ]
94 - [ 1909  1893  1923  1919  1869  1805  1917  1929  1925  1907  ]
95 - [ 1909  1805  1869  1947  1907  1925  1919  1923  1917  1893  ]
96 - [ 1970  1805  1963  1976  1909  1947  1869  1965  1917  1968  ]
97 - [ 1947  1993  1963  1976  1909  1986  1989  1917  1982  1805  ]
98 - [ 2005  1963  1947  2007  2009  1917  2018  2001  1976  2012  ]
99 - [ 1976  2030  2032  2022  2009  2018  2026  1917  2028  2001  ]
