0 - [ 15  5  14  13  11  1  8  4  2  12  ]
1 - [ 22  17  19  5  15  14  21  29  13  18  ]
2 - [ 22  38  45  53  47  15  17  19  5  40  ]
3 - [ 59  22  61  38  63  65  45  76  53  67  ]
4 - [ 59  22  83  79  61  85  81  38  89  63  ]
5 - [ 59  22  101  99  83  103  79  61  107  81  ]
6 - [ 22  59  124  101  120  122  99  126  133  83  ]
7 - [ 22  59  143  147  124  141  101  145  122  149  ]
8 - [ 59  162  22  164  143  166  124  168  147  141  ]
9 - [ 186  59  162  22  190  182  188  184  164  143  ]
10 - [ 203  207  186  22  59  162  221  219  164  182  ]
11 - [ 162  186  22  207  229  227  203  59  231  223  ]
12 - [ 247  229  162  207  245  252  231  22  203  227  ]
13 - [ 247  282  22  280  274  231  203  252  272  264  ]
14 - [ 290  274  272  288  292  22  296  264  300  302  ]
15 - [ 312  322  320  304  296  302  290  314  292  306  ]
16 - [ 328  296  306  292  312  339  322  304  343  320  ]
17 - [ 320  339  306  362  354  352  348  296  322  358  ]
18 - [ 358  370  339  368  352  296  372  378  306  380  ]
19 - [ 394  386  372  403  296  370  399  378  388  368  ]
20 - [ 386  418  416  368  399  414  388  403  422  370  ]
21 - [ 422  436  434  370  446  388  444  442  440  430  ]
22 - [ 458  460  430  370  462  436  388  456  434  452  ]
23 - [ 468  434  472  486  478  460  436  484  462  456  ]
24 - [ 478  460  472  506  468  434  488  504  498  436  ]
25 - [ 518  512  478  460  436  506  510  468  504  520  ]
26 - [ 544  534  510  536  528  532  546  512  506  530  ]
27 - [ 564  536  546  558  560  562  530  532  510  506  ]
28 - [ 584  532  580  586  582  572  578  574  510  564  ]
29 - [ 564  572  574  586  596  584  600  510  594  580  ]
30 - [ 608  580  612  626  594  574  572  614  624  622  ]
31 - [ 580  614  642  638  632  608  634  574  612  628  ]
32 - [ 614  632  650  634  628  666  574  642  660  652  ]
33 - [ 632  668  687  660  666  614  634  678  674  652  ]
34 - [ 689  693  701  666  668  705  691  707  678  674  ]
35 - [ 713  678  721  717  666  709  689  705  715  701  ]
36 - [ 709  701  731  715  713  742  666  678  735  737  ]
37 - [ 709  666  760  752  713  758  756  754  737  735  ]
38 - [ 735  666  752  787  756  758  773  779  760  781  ]
39 - [ 797  781  758  807  735  752  801  666  809  795  ]
40 - [ 797  825  781  752  735  811  827  819  829  666  ]
41 - [ 735  841  827  835  837  845  849  839  833  829  ]
42 - [ 864  851  870  853  849  862  845  841  866  827  ]
43 - [ 876  862  880  853  849  851  870  878  841  872  ]
44 - [ 876  872  849  903  851  892  862  901  905  870  ]
45 - [ 849  876  901  892  862  927  870  905  931  929  ]
46 - [ 905  943  941  929  849  927  870  931  892  901  ]
47 - [ 929  958  870  849  970  954  905  892  927  956  ]
48 - [ 970  905  892  870  991  989  976  985  849  929  ]
49 - [ 991  1005  999  929  1009  1011  1013  995  985  1007  ]
50 - [ 1021  1013  1009  1007  1015  1005  1026  1019  1017  985  ]
51 - [ 1046  1013  1005  1017  1040  1050  1042  1021  1044  1054  ]
52 - [ 1044  1062  1050  1066  1013  1042  1070  1021  1017  1058  ]
53 - [ 1042  1044  1093  1077  1091  1013  1085  1083  1017  1021  ]
54 - [ 1093  1113  1042  1091  1044  1077  1107  1097  1013  1099  ]
55 - [ 1129  1135  1119  1097  1091  1107  1042  1113  1131  1127  ]
56 - [ 1119  1153  1042  1097  1141  1139  1143  1145  1113  1149  ]
57 - [ 1042  1153  1113  1173  1119  1161  1165  1163  1141  1139  ]
58 - [ 1163  1161  1141  1183  1165  1042  1190  1153  1177  1179  ]
59 - [ 1163  1177  1214  1212  1202  1042  1208  1179  1198  1161  ]
60 - [ 1214  1229  1177  1227  1202  1163  1235  1161  1042  1233  ]
61 - [ 1227  1235  1161  1241  1177  1243  1256  1042  1246  1252  ]
62 - [ 1272  1243  1262  1264  1235  1256  1278  1268  1042  1274  ]
63 - [ 1262  1235  1042  1268  1291  1243  1285  1274  1256  1281  ]
64 - [ 1281  1308  1314  1235  1316  1256  1243  1318  1320  1303  ]
65 - [ 1281  1256  1336  1235  1338  1314  1334  1332  1324  1330  ]
66 - [ 1342  1350  1354  1332  1330  1357  1314  1235  1281  1361  ]
67 - [ 1350  1342  1375  1367  1363  1235  1357  1373  1361  1314  ]
68 - [ 1361  1397  1401  1373  1391  1393  1385  1387  1342  1363  ]
69 - [ 1415  1405  1391  1419  1363  1361  1403  1385  1411  1342  ]
70 - [ 1361  1431  1403  1425  1435  1419  1429  1391  1385  1427  ]
71 - [ 1403  1456  1385  1391  1450  1452  1435  1462  1454  1429  ]
72 - [ 1483  1462  1467  1456  1471  1473  1452  1429  1477  1481  ]
73 - [ 1490  1456  1467  1429  1462  1487  1505  1495  1471  1452  ]
74 - [ 1452  1523  1507  1467  1462  1471  1517  1511  1519  1515  ]
75 - [ 1471  1538  1546  1511  1507  1517  1467  1544  1542  1540  ]
76 - [ 1550  1548  1511  1471  1467  1552  1558  1517  1554  1556  ]
77 - [ 1578  1576  1574  1554  1517  1584  1548  1550  1511  1471  ]
78 - [ 1593  1603  1601  1471  1517  1591  1589  1595  1578  1548  ]
79 - [ 1471  1623  1618  1591  1517  1578  1609  1616  1603  1625  ]
80 - [ 1578  1645  1633  1616  1637  1647  1641  1609  1591  1517  ]
81 - [ 1641  1651  1616  1591  1670  1668  1645  1666  1647  1633  ]
82 - [ 1689  1687  1670  1645  1616  1666  1672  1681  1679  1674  ]
83 - [ 1666  1707  1697  1703  1705  1645  1687  1679  1672  1616  ]
84 - [ 1731  1645  1725  1713  1723  1721  1703  1717  1719  1687  ]
85 - [ 1717  1742  1731  1750  1713  1746  1723  1752  1645  1703  ]
86 - [ 1770  1754  1752  1768  1750  1742  1713  1746  1760  1717  ]
87 - [ 1793  1760  1754  1742  1789  1776  1768  1717  1787  1791  ]
88 - [ 1807  1760  1801  1799  1809  1791  1768  1789  1754  1813  ]
89 - [ 1801  1807  1817  1768  1826  1825  1821  1799  1832  1754  ]
90 - [ 1817  1844  1854  1842  1799  1856  1826  1852  1846  1850  ]
91 - [ 1799  1854  1842  1874  1850  1872  1826  1870  1852  1858  ]
92 - [ 1879  1842  1891  1870  1897  1881  1878  1874  1858  1885  ]
93 - [ 1881  1909  1901  1897  1874  1913  1907  1878  1917  1858  ]
94 - [ 1929  1913  1897  1917  1927  1858  1921  1935  1923  1881  ]
95 - [ 1897  1935  1881  1941  1917  1951  1955  1929  1947  1927  ]
96 - [ 1965  1947  1963  1927  1973  1929  1917  1975  1941  1977  ]
97 - [ 1991  1987  1963  1985  1917  1927  1979  1973  1997  1977  ]
98 - [ 1917  1979  1985  2017  2005  2003  1991  2013  2001  1973  ]
99 - [ 2030  1985  2021  2032  1979  2028  2026  2019  2034  2023  ]
