0 - [ 58  152  158  150  64  68  165  66  50  ]
1 - [ 175  177  183  171  192  185  194  169  181  190  173  204  188  200  179  ]
2 - [ 252  248  208  216  254  214  226  212  230  258  244  220  234  222  206  ]
3 - [ 307  276  317  280  268  290  299  301  309  278  286  305  292  284  325  ]
4 - [ 329  367  376  333  369  349  341  382  331  335  351  373  339  345  337  ]
5 - [ 397  440  411  393  431  425  433  435  407  442  421  448  413  389  405  ]
6 - [ 500  476  462  504  464  494  508  466  460  488  452  486  496  480  470  ]
7 - [ 561  532  542  544  526  557  546  556  552  554  565  520  512  536  522  ]
8 - [ 609  600  605  603  613  587  576  580  617  578  585  611  573  596  632  ]
9 - [ 667  681  685  673  665  691  689  661  687  663  640  659  651  643  669  ]
10 - [ 725  723  727  719  715  744  721  753  697  705  734  759  709  750  755  ]
11 - [ 798  780  802  778  768  810  806  776  818  786  782  784  812  762  770  ]
12 - [ 837  874  866  831  870  854  827  835  884  858  846  848  844  839  856  ]
13 - [ 908  912  910  888  939  917  904  890  898  905  907  930  937  896  892  ]
14 - [ 1000  996  984  955  971  973  1007  982  963  998  994  980  990  988  961  ]
15 - [ 1070  1056  1019  1064  1046  1042  1029  1033  1050  1054  1060  1073  1040  1066  1023  ]
16 - [ 1134  1106  1112  1121  1110  1083  1114  1129  1117  1125  1092  1096  1079  1108  1077  ]
17 - [ 1185  1138  1199  1191  1178  1140  1148  1189  1196  1192  1156  1168  1184  1154  1160  ]
18 - [ 1230  1225  1231  1224  ]
19 - [ 1276  1267  1271  1265  1274  1263  1269  ]
20 - [ 1306  1280  1286  1284  1300  1288  1304  1292  1302  1290  1296  1298  1294  1282  ]
21 - [ 1353  1344  1314  1310  1308  1361  1342  1336  1355  1332  1346  1340  1364  1324  1338  ]
22 - [ 1406  1384  1410  1390  1392  1388  1424  1370  1404  1422  1418  1372  1368  1376  1382  ]
23 - [ 1452  1439  1468  1446  1470  1480  1478  1486  1484  1443  1426  1433  1464  1466  1456  ]
24 - [ 1498  1534  1517  1525  1501  1507  1536  1550  1496  1513  1488  1538  1523  1494  1541  ]
25 - [ 1584  1566  1591  1574  1593  1578  1570  1608  1568  1558  1564  1612  1560  1604  1597  ]
26 - [ 1649  1665  1645  1647  1626  1655  1651  1673  1639  1622  1635  1633  1671  1614  1669  ]
27 - [ 1684  1732  1705  1697  1720  1714  1686  1722  1688  1730  1726  1734  1679  1690  1736  ]
28 - [ 1781  1738  1785  1750  1774  1748  1746  1754  1744  1742  1760  1772  1777  1764  1752  ]
29 - [ 1806  1834  1850  1800  1824  1820  1832  1842  1848  1826  1844  1812  1814  1810  1856  ]
30 - [ 1914  1906  1870  1886  1872  1912  1861  1920  1879  1918  1898  1908  1877  1902  1890  ]
31 - [ 1968  1966  1939  1981  1972  1930  1958  1941  1985  1977  1924  1936  1983  1932  1964  ]
32 - [ 2024  1999  2036  2016  2007  1993  2020  1991  2043  2022  2048  1989  1987  2011  2001  ]
33 - [ 2099  2052  2105  2097  2060  2054  2084  2107  2103  2070  2095  2090  2082  2092  2066  ]
34 - [ 2144  2157  2127  2152  2111  2159  2150  2117  2121  2115  2161  2163  2129  2133  2148  ]
35 - [ 2187  2192  2223  2190  2189  2200  2175  2185  2206  2177  2214  2179  2230  2212  2183  ]
36 - [ 2242  2269  2246  2244  2273  2255  2257  2289  2266  2238  2291  2271  2297  2259  2252  ]
37 - [ 2351  2345  2324  2342  2334  2340  2349  2310  2322  2330  2301  2359  2303  2320  2355  ]
38 - [ 2382  2393  ]
39 - [ 2429  2425  2431  2427  ]
40 - [ 2447  2437  2443  2445  2433  2441  2439  2435  ]
41 - [ 2459  2449  2461  2464  2474  2472  2466  2476  2457  2481  2468  2478  2455  2470  2462  ]
42 - [ 2501  2485  2513  2497  2538  2503  2534  2491  2542  2518  2528  2493  2487  2499  2526  ]
43 - [ 2554  2564  2579  2546  2544  2562  2556  2573  2589  2548  2583  2603  2552  2571  2566  ]
44 - [ 2621  2638  2666  2623  2646  2662  2625  2632  2642  2649  2634  2609  2605  2640  2653  ]
45 - [ 2699  2688  2705  2681  2668  2726  2719  2672  2709  2692  2674  2696  2707  2730  2724  ]
46 - [ 2759  2734  2742  2732  2785  2791  2738  2771  2740  2789  2736  2761  2746  2781  2765  ]
47 - [ 2801  2832  2824  2797  2799  2836  2830  2805  2826  2834  2811  2815  2793  2838  2807  ]
48 - [ 2895  2856  2864  2882  2914  2904  2862  2910  2899  2876  2888  2897  2878  2906  2891  ]
49 - [ 2926  2928  2958  2962  2930  2954  2934  2942  2956  2944  2918  2940  2972  2971  2938  ]
50 - [ 3014  2996  3029  3010  3004  3006  3039  3025  2982  2987  3000  2989  3035  3033  2984  ]
51 - [ 3070  3102  3084  3053  3041  3088  3100  3045  3060  3098  3067  3090  3082  3062  3068  ]
52 - [ 3127  3131  3129  3164  3137  3162  3121  3141  3160  3117  3107  3149  3125  3156  3153  ]
53 - [ 3180  3224  3210  3175  3226  3206  3171  3190  3218  3212  3169  3173  3202  3184  3204  ]
54 - [ 3257  3234  3239  3243  3284  3280  3290  3251  3267  3275  3241  3282  3286  3277  3253  ]
55 - [ 3326  3342  3317  3336  3344  3320  3334  3346  3338  3322  3294  3303  3307  3348  3315  ]
56 - [ 3395  3356  3412  3368  3365  3387  3391  3397  3375  3406  3381  3415  3410  3354  3383  ]
57 - [ 3446  3464  3427  3429  3470  3468  3456  3434  3452  3436  3423  3438  3450  3475  3460  ]
58 - [ 3510  3527  3486  3500  3484  3541  3482  3521  3531  3519  3492  3514  3533  3504  3496  ]
59 - [ 3557  3597  3571  3547  3589  3579  3555  3569  3591  3565  3559  3595  3573  3581  3601  ]
60 - [ 3605  3637  3629  3621  3661  3658  3625  3651  3633  3631  3645  3611  3613  3607  3665  ]
61 - [ 3689  3719  3713  3711  3702  3723  3675  3693  3715  3691  3697  3673  3727  3699  3717  ]
62 - [ 3733  3790  3743  3741  3729  3766  3745  3739  3754  3762  3756  3749  3784  3764  3737  ]
63 - [ 3814  3826  3834  3846  3794  3842  3806  3792  3810  3820  3824  3796  3830  3804  3822  ]
64 - [ 3873  3864  3894  3882  3912  3862  3908  3902  3860  3890  3896  3856  3884  3875  3854  ]
65 - [ 3939  3952  3943  3972  3928  3958  3914  3932  3956  3976  3916  3945  3922  3962  3926  ]
66 - [ 4000  4019  3992  4006  3980  4002  3984  4029  3978  4015  4017  4013  3996  4010  4033  ]
67 - [ 4097  4095  4041  4063  4048  4068  4061  4082  4054  4088  4101  4070  4074  4059  4084  ]
68 - [ 4149  4140  4107  4153  4119  4136  4113  4147  4163  4134  4123  4161  4103  4117  4109  ]
69 - [ 4195  4226  4222  4208  4210  4188  4197  4181  4183  4185  4177  4175  4204  4173  4220  ]
70 - [ 4265  4270  4261  4290  4240  4249  4232  4268  4280  4228  4272  4230  4236  4282  4284  ]
71 - [ 4314  4346  4292  4316  4328  4318  4338  4322  4334  4336  4342  4350  4300  4294  4310  ]
72 - [ 4393  4391  4367  4395  4373  4356  4406  4397  4361  4389  4375  4371  4365  4385  4403  ]
73 - [ 4453  4459  4471  4431  4433  4457  4463  4420  4469  4461  4473  4447  4467  4445  4443  ]
74 - [ 4479  4526  4490  4515  4528  4538  4513  4502  4536  4511  4532  4488  4496  4505  4494  ]
75 - [ 4545  4583  4551  4577  4571  4575  4544  4547  4565  4567  4591  4555  4561  4549  4542  ]
76 - [ 4616  4656  4650  4648  4658  4642  4630  4620  4608  4610  4640  4652  4605  4644  4638  ]
77 - [ 4705  4668  4680  4697  4723  4676  4687  4678  4715  4703  4717  4662  4713  4719  4709  ]
78 - [ 4725  4738  4727  4760  4752  4756  4740  4742  4766  4762  4774  4778  4744  4750  4730  ]
79 - [ 4793  4807  4787  4811  4799  4821  4825  4789  4791  4817  4805  4795  4813  4809  4832  ]
80 - [ 4882  4874  4868  4853  4866  4861  4872  4855  4870  4892  4902  4904  4890  4876  4857  ]
81 - [ 4929  4964  4939  4925  4915  4920  4945  4937  4961  4947  4935  4933  4941  4972  4953  ]
82 - [ 5027  5031  4998  4995  4989  5029  4996  5025  5015  5017  4974  5023  4976  4980  4982  ]
83 - [ 5055  5083  5094  5041  5085  5051  5077  5075  5072  5043  5049  5057  5087  5096  5070  ]
84 - [ 5146  5160  5120  5148  5158  5112  5129  5144  5131  5102  5150  5154  5110  5100  5118  ]
85 - [ 5164  5208  5216  5173  5203  5179  5201  5181  5185  5204  5220  5212  5171  5162  5210  ]
86 - [ 5228  5241  5230  5226  5272  5280  5245  5281  5249  5237  5235  5261  5287  5266  5274  ]
87 - [ 5343  5345  5297  5328  5301  5308  5304  5330  5349  5337  5316  5326  5306  5312  5332  ]
88 - [ 5356  5372  5364  5388  5411  5378  5380  5398  5409  5362  5360  5400  5358  5374  5407  ]
89 - [ 5457  5428  5470  5474  5445  5459  5464  5415  5472  5413  5422  5449  5434  5437  5441  ]
90 - [ 5526  5508  5532  5522  5512  5501  5497  5516  5514  5524  5486  5530  5484  5488  5495  ]
91 - [ 5545  5557  5549  5597  5562  5593  5560  5564  5585  5589  5576  5582  5555  5551  5584  ]
92 - [ 5639  5662  5632  5651  5645  5653  5660  5643  5635  5618  5641  5622  5620  5626  5628  ]
93 - [ 5718  5695  5669  5673  5693  5677  5707  5697  5664  5691  5687  5709  5716  5719  5711  ]
94 - [ 5790  5741  5744  5753  5777  5738  5735  5727  5786  5780  5767  5751  5792  5774  5755  ]
95 - [ 5806  5804  5816  5833  5808  5851  5823  5810  5839  5803  5797  5843  5829  5847  5801  ]
96 - [ 5860  5858  5881  5879  5895  5903  5899  5867  5863  5901  5891  5889  5877  5873  5897  ]
97 - [ 5943  5951  5956  5964  5941  5933  5960  5953  5972  5925  5935  5966  5974  5937  5939  ]
98 - [ 6019  5980  6023  6005  6032  5984  6028  5994  6021  5992  6013  5990  6000  5982  6011  ]
99 - [ 6048  6044  6072  6058  6070  6052  6060  6064  6080  6054  6042  6097  6050  6046  6078  ]
