15.7795
15.7795
15.7795
16.1666
16.1671
16.1824
16.1824
16.1824
16.1824
16.1824
15.7637
15.7795
15.7795
15.7795
15.7795
15.8585
15.8585
15.8585
15.8591
15.8591
15.4161
15.4161
15.4878
15.7558
15.7637
15.7637
15.7683
15.7721
15.7756
15.7795
15.4023
15.4122
15.4161
15.4161
15.4161
15.4281
15.4765
15.4872
15.4878
15.4878
15.0883
15.3964
15.4023
15.4122
15.4127
15.4161
15.4161
15.4161
15.4161
15.4161
15.0705
15.0764
15.0882
15.0883
15.0883
15.1520
15.1554
15.1559
15.3331
15.3489
15.0652
15.0705
15.0705
15.0705
15.0764
15.0764
15.0764
15.0769
15.0769
15.0804
14.7782
14.7846
15.0610
15.0612
15.0651
15.0652
15.0652
15.0658
15.0705
15.0705
14.5199
14.7684
14.7727
14.7729
14.7735
14.7782
14.7782
14.7782
14.7846
14.7949
14.5108
14.5155
14.5199
14.5199
14.5594
14.7338
14.7684
14.7684
14.7726
14.7727
14.5057
14.5100
14.5108
14.5108
14.5155
14.5199
14.5199
14.5199
14.5199
14.5199
14.2829
14.2829
14.5057
14.5057
14.5096
14.5100
14.5100
14.5100
14.5102
14.5105
14.0696
14.2707
14.2726
14.2735
14.2829
14.2829
14.2829
14.2829
14.2835
14.3190
14.0696
14.0696
14.0702
14.1131
14.1137
14.1813
14.2273
14.2401
14.2707
14.2712
13.8786
14.0696
14.0696
14.0696
14.0702
14.0816
14.1016
14.1024
14.1053
14.1058
13.8766
13.8780
13.8786
13.8812
13.8881
13.9103
13.9226
14.0588
14.0668
14.0696
13.7345
13.7449
13.8763
13.8766
13.8766
13.8780
13.8780
13.8781
13.8786
13.8786
13.5765
13.7042
13.7345
13.7449
13.7449
13.7660
13.7724
13.7732
13.8452
13.8491
13.4343
13.5765
13.6104
13.6121
13.7042
13.7042
13.7098
13.7261
13.7268
13.7345
13.3059
13.4343
13.4898
13.5100
13.5482
13.5538
13.5681
13.5765
13.5765
13.6005
13.1894
13.3059
13.3296
13.3302
13.3737
13.4106
13.4112
13.4343
13.4343
13.4784
13.1894
13.1894
13.2117
13.2368
13.2374
13.2842
13.3059
13.3059
13.3059
13.3296
12.5606
12.8677
12.8683
13.1894
13.1894
13.1894
13.1894
13.1894
13.1973
13.1974
12.5606
12.5606
12.6631
12.6639
12.7653
12.7658
12.8176
12.8176
12.8177
12.8677
11.3294
11.4062
11.4071
11.5090
12.5606
12.5606
12.5606
12.6118
12.6120
12.6120
10.2785
10.3804
11.3294
11.3294
11.4062
11.4070
11.4071
11.4077
11.5090
11.5091
9.2525
10.2777
10.2785
10.2785
10.2793
10.3804
10.3804
10.3805
10.6888
11.0993
8.3292
9.2525
9.2525
9.2525
9.2533
9.3544
9.4576
10.1760
10.2777
10.2784
8.3292
8.3299
8.4134
8.4325
8.5344
9.0480
9.1499
9.2525
9.2525
9.2525
7.5092
7.6879
8.3292
8.3292
8.3299
8.3299
8.4134
8.4134
8.4318
8.4325
6.9441
7.5084
7.5092
7.5092
7.5100
7.5843
7.6110
7.6118
7.6127
7.6638
6.2516
6.7646
6.7653
6.8329
6.9200
6.9441
7.0469
7.0475
7.4073
7.5084
6.2516
6.2516
6.2531
6.3550
6.4055
6.6626
6.7646
6.7646
6.7652
6.7653
5.6360
5.6360
6.0977
6.0983
6.2516
6.2516
6.2519
6.2523
6.2525
6.2528
5.6360
5.6360
5.6360
5.6360
5.6360
5.6363
5.6366
5.7393
5.7901
5.7906
5.0974
5.0974
5.4064
5.6360
5.6360
5.6360
5.6360
5.6360
5.6360
5.6361
5.0974
5.0974
5.0974
5.0974
5.0974
5.0974
5.2000
5.2000
5.2006
5.2006
4.6100
4.6101
4.6101
4.6876
5.0974
5.0974
5.0974
5.0974
5.0974
5.0974
4.6100
4.6101
4.6101
4.6101
4.6101
4.6101
4.6101
4.6109
4.6334
4.6876
4.1740
4.1951
4.3792
4.4022
4.5849
4.6100
4.6101
4.6101
4.6101
4.6101
3.7827
4.1227
4.1740
4.1740
4.1951
4.2467
4.2473
4.2474
4.2475
4.3287
3.7827
3.7827
3.8342
3.8350
3.8859
3.8867
3.8868
4.1060
4.1227
4.1227
3.7827
3.7827
3.7827
3.7827
3.7827
3.7828
3.7834
3.8342
3.8342
3.8345
3.3733
3.4218
3.6280
3.7827
3.7827
3.7827
3.7827
3.7827
3.7827
3.7827
3.3732
3.3733
3.3740
3.4218
3.4218
3.4218
3.4733
3.6280
3.6280
3.6280
3.1464
3.1473
3.3294
3.3732
3.3733
3.3733
3.3734
3.3734
3.3738
3.3740
3.0119
3.0120
3.0558
3.0558
3.0559
3.1464
3.1473
3.1478
3.1919
3.1923
3.0116
3.0118
3.0119
3.0120
3.0558
3.0558
3.0559
3.0559
3.0559
3.0560
2.9653
2.9658
2.9663
3.0116
3.0116
3.0118
3.0118
3.0119
3.0120
3.0121
2.9653
2.9655
2.9658
2.9659
2.9659
2.9663
2.9663
2.9665
2.9665
2.9666
2.9653
2.9654
2.9654
2.9655
2.9656
2.9657
2.9658
2.9658
2.9658
2.9659
2.9653
2.9654
2.9654
2.9654
2.9654
2.9654
2.9655
2.9655
2.9655
2.9655
2.9653
2.9654
2.9654
2.9654
2.9654
2.9654
2.9654
2.9654
2.9654
2.9654
2.9653
2.9653
2.9654
2.9654
2.9654
2.9654
2.9654
2.9654
2.9654
2.9654
2.9653
2.9653
2.9653
2.9654
2.9654
2.9654
2.9654
2.9654
2.9654
2.9654
2.9653
2.9653
2.9653
2.9653
2.9654
2.9654
2.9654
2.9654
2.9654
2.9654
2.9653
2.9653
2.9653
2.9653
2.9653
2.9653
2.9653
2.9653
2.9654
2.9654
2.9653
2.9653
2.9653
2.9653
2.9653
2.9653
2.9653
2.9653
2.9653
2.9653
2.9653
2.9653
2.9653
2.9653
2.9653
2.9653
2.9653
2.9653
2.9653
2.9653
2.9653
2.9653
2.9653
2.9653
2.9653
2.9653
2.9653
2.9653
2.9653
2.9653
2.9653
2.9653
2.9653
2.9653
2.9653
2.9653
2.9653
2.9653
2.9653
2.9653
2.9653
2.9653
2.9653
2.9653
2.9653
2.9653
2.9653
2.9653
2.9653
2.9653
2.9653
2.9653
2.9653
2.9653
2.9653
2.9653
2.9653
2.9653
2.9653
2.9653
2.9653
2.9653
2.9653
2.9653
2.9653
2.9653
2.9653
2.9653
2.9653
2.9653
2.9653
2.9653
2.9653
2.9653
2.9653
2.9653
2.9653
2.9653
2.9653
2.9653
2.9653
2.9653
2.9653
2.9653
2.9653
2.9653
2.9653
2.9653
2.9653
2.9653
2.9653
2.9653
2.9653
2.9653
2.9653
2.9653
2.9653
2.9653
2.9653
2.9653
2.9653
2.9653
2.9653
2.9653
2.9653
2.9653
2.9653
2.9653
2.9653
2.9653
2.9653
2.9653
2.9653
2.9653
2.9653
2.9653
2.9653
2.9653
2.9653
2.9653
2.9653
2.9653
2.9653
2.9653
2.9653
2.9653
2.9653
2.9653
2.9653
2.9653
2.9653
2.9653
2.9653
2.9653
2.9653
2.9653
2.9653
2.9653
2.9653
2.9653
2.9653
2.9653
2.9653
2.9653
2.9653
2.9653
2.9653
2.9653
2.9653
2.9653
2.9653
2.9653
2.9653
2.9653
2.9653
2.9653
2.9653
2.9653
2.9653
2.9653
2.9653
2.9653
2.9653
2.9653
2.9653
2.9653
2.9653
2.9653
2.9653
2.9653
2.9653
2.9653
2.9653
2.9653
2.9653
2.9653
2.9653
2.9653
2.9653
2.9653
2.9653
2.9653
2.9653
2.9653
2.9653
2.9653
2.9653
2.9653
2.9653
2.9653
2.9653
2.9653
2.9653
2.9653
2.9653
2.9653
2.9653
2.9653
2.9653
2.9653
2.9653
2.9653
2.9653
2.9653
2.9653
2.9653
2.9653
2.9653
2.9653
2.9653
2.9653
2.9653
2.9653
2.9653
2.9653
2.9653
2.9653
2.9653
2.9653
2.9653
2.9653
2.9653
2.9653
2.9653
2.9653
2.9653
2.9653
2.9653
2.9653
2.9653
2.9653
2.9653
2.9653
2.9653
2.9653
2.9653
2.9653
2.9653
2.9653
2.9653
2.9653
2.9653
2.9653
2.9653
2.9653
2.9653
2.9653
2.9653
2.9653
2.9653
2.9653
2.9653
2.9653
2.9653
2.9653
2.9653
2.9653
2.9653
2.9653
2.9653
2.9653
2.9653
2.9653
2.9653
2.9653
2.9653
2.9653
2.9653
2.9653
2.9653
2.9653
2.9653
2.9653
2.9653
2.9653
2.9653
2.9653
2.9653
2.9653
2.9653
2.9653
2.9653
2.9653
2.9653
2.9653
2.9653
2.9653
2.9653
2.9653
2.9653
2.9653
2.9653
2.9653
2.9653
2.9653
2.9653
2.9653
2.9653
2.9653
2.9653
2.9653
2.9653
2.9653
2.9653
2.9653
2.9653
2.9653
2.9653
2.9653
2.9653
2.9653
2.9653
2.9653
2.9653
2.9653
2.9653
2.9653
2.9653
2.9653
2.9653
2.9653
2.9653
2.9653
2.9653
2.9653
2.9653
2.9653
2.9653
2.9653
2.9653
2.9653
2.9653
2.9653
2.9653
2.9653
2.9653
2.9653
2.9653
2.9653
2.9653
2.9653
2.9653
2.9653
2.9653
2.9653
2.9653
2.9653
2.9653
2.9653
2.9653
2.9653
2.9653
2.9653
2.9653
2.9653
2.9653
2.9653
2.9653
2.9653
2.9653
2.9653
2.9653
2.9653
2.9653
2.9653
2.9653
2.9653
2.9653
2.9653
2.9653
2.9653
2.9653
2.9653
2.9653
2.9653
2.9653
2.9653
2.9653
2.9653
2.9653
2.9653
2.9653
2.9653
2.9653
2.9653
2.9653
2.9653
2.9653
2.9653
2.9653
2.9653
2.9653
2.9653
2.9653
2.9653
2.9653
2.9653
2.9653
2.9653
2.9653
2.9653
2.9653
2.9653
2.9653
2.9653
2.9653
2.9653
2.9653
2.9653
2.9653
2.9653
2.9653
2.9653
2.9653
2.9653
2.9653
2.9653
2.9653
2.9653
2.9653
2.9653
2.9653
2.9653
2.9653
2.9653
2.9653
2.9653
2.9653
2.9653
2.9653
