0 - [ 20  26  14  27  16  5  6  24  2  4  ]
1 - [ 38  20  26  14  35  33  30  36  43  48  ]
2 - [ 64  67  82  59  58  38  69  66  68  20  ]
3 - [ 100  112  64  67  91  89  90  92  82  94  ]
4 - [ 130  119  100  112  123  125  64  124  67  127  ]
5 - [ 151  154  169  130  148  153  149  171  152  170  ]
6 - [ 192  151  179  178  154  181  182  183  180  188  ]
7 - [ 211  228  229  213  209  192  208  232  179  151  ]
8 - [ 239  237  248  251  257  236  211  260  228  238  ]
9 - [ 277  286  266  239  267  268  269  237  272  248  ]
10 - [ 313  319  295  277  286  266  239  305  301  304  ]
11 - [ 343  352  313  325  326  328  319  329  342  332  ]
12 - [ 355  364  367  381  343  356  358  352  357  371  ]
13 - [ 355  405  408  385  389  384  388  386  364  401  ]
14 - [ 419  355  416  405  408  417  420  418  414  436  ]
15 - [ 444  446  419  445  458  470  466  465  460  447  ]
16 - [ 488  491  486  444  473  476  446  477  479  480  ]
17 - [ 502  519  488  491  505  503  506  513  504  512  ]
18 - [ 531  502  549  532  534  519  533  535  538  488  ]
19 - [ 561  531  562  590  573  579  582  502  564  568  ]
20 - [ 591  561  592  596  600  595  593  531  594  614  ]
21 - [ 591  621  630  622  643  635  641  561  624  592  ]
22 - [ 655  658  661  591  649  673  621  652  650  653  ]
23 - [ 655  679  680  683  682  681  689  701  707  658  ]
24 - [ 711  714  717  723  679  655  708  715  709  712  ]
25 - [ 744  747  739  711  714  740  717  749  723  748  ]
26 - [ 768  780  744  786  773  747  771  772  769  770  ]
27 - [ 798  804  807  768  810  813  799  800  780  805  ]
28 - [ 798  840  828  836  829  830  835  832  838  768  ]
29 - [ 861  870  858  798  840  862  828  864  871  868  ]
30 - [ 891  897  889  861  890  906  912  915  896  917  ]
31 - [ 918  921  927  933  945  891  919  944  920  897  ]
32 - [ 918  948  960  956  949  955  921  951  962  927  ]
33 - [ 978  981  996  1002  918  948  979  986  989  985  ]
34 - [ 1020  978  1012  981  1008  1026  1013  1019  1009  1022  ]
35 - [ 1044  1050  1046  978  1020  1041  981  1012  1008  1038  ]
36 - [ 1077  1044  1089  1050  1068  1095  1069  1072  1097  1082  ]
37 - [ 1098  1104  1110  1125  1077  1044  1117  1102  1101  1089  ]
38 - [ 1098  1155  1104  1132  1146  1110  1134  1133  1131  1125  ]
39 - [ 1158  1182  1162  1166  1185  1098  1159  1146  1155  1104  ]
40 - [ 1190  1188  1202  1158  1182  1191  1189  1198  1210  1192  ]
41 - [ 1190  1229  1232  1238  1218  1237  1234  1217  1188  1221  ]
42 - [ 1190  1229  1247  1248  1250  1251  1249  1254  1232  1260  ]
43 - [ 1303  1280  1284  1247  1248  1190  1281  1229  1287  1250  ]
44 - [ 1307  1303  1332  1280  1318  1324  1310  1284  1322  1313  ]
45 - [ 1337  1356  1350  1307  1303  1336  1340  1339  1343  1332  ]
46 - [ 1372  1395  1378  1381  1384  1337  1356  1373  1367  1386  ]
47 - [ 1397  1399  1372  1395  1378  1381  1384  1402  1404  1408  ]
48 - [ 1453  1427  1435  1432  1397  1399  1429  1372  1395  1431  ]
49 - [ 1453  1456  1427  1459  1458  1435  1462  1484  1471  1469  ]
50 - [ 1453  1485  1486  1456  1488  1489  1427  1495  1498  1459  ]
51 - [ 1453  1516  1485  1522  1486  1515  1518  1519  1456  1525  ]
52 - [ 1453  1546  1516  1552  1549  1485  1558  1486  1522  1555  ]
53 - [ 1453  1576  1546  1516  1582  1579  1552  1549  1591  1588  ]
54 - [ 1453  1606  1576  1609  1546  1516  1615  1582  1612  1621  ]
55 - [ 1453  1636  1606  1576  1639  1609  1642  1645  1660  1648  ]
56 - [ 1666  1453  1606  1636  1672  1675  1576  1669  1678  1681  ]
57 - [ 1666  1699  1453  1702  1696  1705  1606  1636  1672  1717  ]
58 - [ 1699  1453  1732  1666  1729  1747  1744  1738  1705  1741  ]
59 - [ 1666  1755  1699  1729  1732  1761  1758  1453  1744  1764  ]
60 - [ 1787  1729  1793  1805  1799  1796  1802  1758  1699  1790  ]
61 - [ 1826  1787  1790  1832  1835  1729  1841  1817  1758  1823  ]
62 - [ 1847  1790  1868  1787  1826  1865  1832  1823  1817  1871  ]
63 - [ 1898  1871  1790  1895  1823  1847  1880  1817  1889  1892  ]
64 - [ 1921  1904  1895  1898  1907  1892  1823  1790  1912  1924  ]
65 - [ 1945  1924  1790  1951  1939  1921  1933  1892  1912  1907  ]
66 - [ 1907  1790  1984  1951  1924  1981  1945  1892  1969  1989  ]
67 - [ 2002  1907  1996  2008  1999  1984  2014  1790  1993  1969  ]
68 - [ 2022  1993  1999  2039  2048  2045  1790  2008  1996  2030  ]
69 - [ 2071  2068  1993  1996  2008  2030  1999  2065  2062  2022  ]
70 - [ 2107  1996  1999  2022  2083  2089  2092  2062  2008  2080  ]
71 - [ 1999  2128  2022  2107  2092  2008  2134  2110  2083  1996  ]
72 - [ 2134  2128  2092  2083  2107  2146  2008  2163  2140  2145  ]
73 - [ 2183  2163  2189  2140  2186  2128  2008  2107  2174  2177  ]
74 - [ 2216  2008  2225  2189  2163  2128  2174  2204  2222  2186  ]
75 - [ 2249  2204  2189  2246  2234  2128  2228  2225  2008  2174  ]
76 - [ 2278  2284  2263  2174  2281  2204  2257  2246  2275  2234  ]
77 - [ 2314  2234  2284  2275  2278  2296  2299  2281  2293  2257  ]
78 - [ 2335  2296  2332  2326  2284  2299  2329  2293  2338  2320  ]
79 - [ 2361  2299  2296  2338  2356  2332  2329  2335  2293  2284  ]
80 - [ 2332  2397  2356  2385  2403  2391  2338  2379  2296  2382  ]
81 - [ 2412  2403  2430  2433  2296  2427  2397  2382  2418  2421  ]
82 - [ 2427  2418  2412  2430  2457  2442  2397  2451  2454  2436  ]
83 - [ 2454  2418  2466  2472  2486  2489  2436  2457  2475  2397  ]
84 - [ 2510  2513  2457  2436  2454  2516  2486  2489  2519  2495  ]
85 - [ 2510  2546  2495  2549  2537  2486  2519  2436  2525  2552  ]
86 - [ 2561  2573  2558  2546  2549  2525  2576  2552  2567  2510  ]
87 - [ 2552  2576  2599  2608  2567  2596  2525  2549  2546  2561  ]
88 - [ 2549  2626  2617  2525  2567  2635  2629  2620  2614  2561  ]
89 - [ 2561  2620  2662  2525  2647  2659  2644  2614  2671  2635  ]
90 - [ 2671  2662  2620  2701  2686  2695  2692  2525  2635  2614  ]
91 - [ 2704  2716  2695  2731  2662  2725  2707  2692  2671  2722  ]
92 - [ 2695  2743  2704  2725  2746  2761  2740  2671  2749  2758  ]
93 - [ 2764  2695  2671  2767  2791  2773  2725  2776  2749  2740  ]
94 - [ 2740  2809  2725  2749  2812  2806  2800  2794  2764  2776  ]
95 - [ 2827  2740  2851  2842  2830  2800  2749  2776  2848  2833  ]
96 - [ 2872  2833  2749  2857  2860  2842  2848  2827  2881  2851  ]
97 - [ 2842  2872  2910  2907  2890  2881  2895  2892  2898  2848  ]
98 - [ 2890  2940  2922  2919  2892  2881  2913  2907  2848  2916  ]
99 - [ 2961  2946  2907  2949  2943  2940  2922  2848  2970  2892  ]
