0 - [ 4  6  13  7  1  8  10  15  11  18  ]
1 - [ 15  49  29  11  52  8  6  40  45  46  ]
2 - [ 54  45  65  46  52  15  79  76  55  66  ]
3 - [ 46  76  93  66  102  79  106  99  52  90  ]
4 - [ 121  109  122  102  127  99  76  79  108  46  ]
5 - [ 127  121  79  154  99  140  153  122  145  135  ]
6 - [ 188  79  168  167  165  179  153  135  121  154  ]
7 - [ 193  121  179  201  79  165  198  209  205  203  ]
8 - [ 79  121  165  224  205  227  222  215  220  230  ]
9 - [ 267  249  79  121  165  248  230  246  227  255  ]
10 - [ 295  79  272  281  275  293  278  286  255  165  ]
11 - [ 311  322  325  278  299  293  308  317  304  275  ]
12 - [ 336  311  304  293  275  334  354  299  346  317  ]
13 - [ 378  311  366  336  360  346  363  334  304  317  ]
14 - [ 336  404  311  378  398  334  391  363  403  366  ]
15 - [ 336  424  412  418  391  404  426  378  438  311  ]
16 - [ 449  458  426  450  455  464  424  447  404  412  ]
17 - [ 412  469  481  458  450  449  478  426  447  472  ]
18 - [ 481  513  412  507  521  499  458  469  478  502  ]
19 - [ 549  538  547  469  529  526  481  541  521  523  ]
20 - [ 481  568  469  559  565  551  571  549  567  555  ]
21 - [ 551  594  586  469  583  549  555  567  565  580  ]
22 - [ 567  615  618  603  594  619  608  565  610  580  ]
23 - [ 631  618  594  610  565  646  649  652  619  634  ]
24 - [ 666  679  676  657  610  565  631  649  661  658  ]
25 - [ 688  610  683  706  700  649  657  697  703  661  ]
26 - [ 712  730  688  728  657  720  649  717  719  722  ]
27 - [ 739  750  736  720  755  757  717  742  719  730  ]
28 - [ 788  717  783  771  739  775  757  720  719  730  ]
29 - [ 775  720  788  719  798  809  796  799  730  717  ]
30 - [ 825  775  717  823  820  839  788  831  720  837  ]
31 - [ 850  823  865  831  854  839  857  851  788  717  ]
32 - [ 885  850  887  888  880  865  896  877  839  788  ]
33 - [ 850  888  902  904  921  918  915  926  912  880  ]
34 - [ 880  940  945  904  915  942  918  929  921  888  ]
35 - [ 977  918  958  974  942  961  972  971  921  966  ]
36 - [ 985  983  1000  993  921  918  1006  942  1002  987  ]
37 - [ 983  1025  1031  993  1012  987  1002  1017  1028  1024  ]
38 - [ 983  1012  1054  1042  1002  1051  1017  1025  987  1031  ]
39 - [ 1071  1079  1075  1088  1085  987  1017  1082  1084  1068  ]
40 - [ 1110  1098  1088  1075  1112  1101  1114  987  1096  1116  ]
41 - [ 1141  1110  1116  987  1101  1096  1088  1125  1114  1134  ]
42 - [ 1171  1114  1088  1161  987  1163  1125  1096  1116  1101  ]
43 - [ 1176  1189  1195  1191  1114  1096  1088  1200  1199  1163  ]
44 - [ 1199  1206  1216  1227  1208  1096  1114  1209  1195  1088  ]
45 - [ 1253  1088  1114  1243  1236  1254  1233  1239  1229  1096  ]
46 - [ 1114  1229  1268  1272  1270  1233  1264  1257  1236  1096  ]
47 - [ 1309  1301  1270  1304  1284  1283  1264  1257  1293  1287  ]
48 - [ 1284  1301  1312  1318  1338  1264  1257  1293  1336  1324  ]
49 - [ 1358  1347  1352  1361  1355  1340  1349  1284  1324  1336  ]
50 - [ 1372  1336  1384  1355  1381  1378  1358  1370  1284  1389  ]
51 - [ 1416  1370  1422  1404  1419  1284  1399  1358  1396  1407  ]
52 - [ 1427  1444  1284  1407  1437  1448  1434  1396  1442  1370  ]
53 - [ 1427  1444  1479  1456  1453  1437  1467  1476  1407  1461  ]
54 - [ 1407  1444  1505  1487  1496  1461  1489  1427  1437  1467  ]
55 - [ 1489  1520  1496  1427  1516  1407  1528  1523  1511  1467  ]
56 - [ 1528  1535  1520  1537  1546  1467  1516  1489  1540  1407  ]
57 - [ 1582  1568  1560  1535  1571  1520  1537  1489  1574  1577  ]
58 - [ 1600  1537  1591  1520  1535  1574  1606  1586  1560  1611  ]
59 - [ 1586  1560  1618  1535  1639  1636  1619  1628  1600  1591  ]
60 - [ 1661  1642  1650  1628  1649  1535  1636  1667  1600  1647  ]
61 - [ 1689  1678  1670  1679  1672  1686  1600  1681  1649  1628  ]
62 - [ 1718  1709  1649  1712  1706  1681  1703  1600  1670  1715  ]
63 - [ 1733  1709  1730  1703  1681  1727  1718  1739  1747  1736  ]
64 - [ 1739  1775  1781  1765  1703  1747  1681  1727  1772  1733  ]
65 - [ 1807  1788  1804  1703  1796  1727  1785  1765  1799  1772  ]
66 - [ 1819  1817  1727  1807  1825  1830  1810  1809  1788  1703  ]
67 - [ 1853  1825  1843  1819  1841  1836  1846  1807  1727  1788  ]
68 - [ 1858  1853  1870  1872  1876  1884  1727  1880  1883  1865  ]
69 - [ 1891  1910  1905  1894  1880  1889  1858  1886  1883  1870  ]
70 - [ 1930  1918  1886  1935  1905  1883  1858  1891  1894  1934  ]
71 - [ 1962  1858  1886  1943  1954  1963  1891  1959  1957  1948  ]
72 - [ 1989  1974  1959  1971  1891  1966  1957  1969  1980  1977  ]
73 - [ 1969  2014  1966  1977  1980  2005  1957  2002  2017  1997  ]
74 - [ 2017  2043  2028  2002  1969  2005  2023  2030  1966  2041  ]
75 - [ 2045  2054  2002  2023  2063  2030  2028  2052  2043  2065  ]
76 - [ 2045  2070  2028  2090  2054  2063  2092  2079  2065  2023  ]
77 - [ 2028  2095  2105  2070  2100  2119  2079  2108  2045  2116  ]
78 - [ 2079  2131  2129  2028  2119  2095  2116  2136  2138  2108  ]
79 - [ 2136  2129  2149  2156  2166  2169  2079  2095  2146  2165  ]
80 - [ 2177  2180  2188  2191  2169  2146  2185  2175  2166  2129  ]
81 - [ 2185  2191  2166  2217  2177  2129  2146  2195  2169  2209  ]
82 - [ 2239  2242  2217  2191  2244  2224  2177  2185  2247  2129  ]
83 - [ 2269  2242  2249  2177  2129  2259  2217  2271  2262  2239  ]
84 - [ 2274  2242  2249  2282  2296  2279  2129  2259  2285  2239  ]
85 - [ 2302  2318  2239  2323  2259  2249  2279  2296  2304  2316  ]
86 - [ 2239  2302  2304  2334  2336  2338  2328  2341  2316  2349  ]
87 - [ 2349  2338  2376  2355  2316  2377  2357  2366  2302  2368  ]
88 - [ 2366  2380  2402  2376  2389  2404  2377  2349  2386  2399  ]
89 - [ 2424  2422  2404  2349  2426  2380  2377  2376  2402  2399  ]
90 - [ 2349  2446  2450  2404  2444  2426  2399  2380  2451  2435  ]
91 - [ 2473  2349  2451  2454  2460  2444  2463  2469  2466  2404  ]
92 - [ 2490  2485  2466  2501  2487  2460  2454  2444  2463  2404  ]
93 - [ 2463  2490  2526  2404  2444  2507  2523  2518  2510  2460  ]
94 - [ 2547  2523  2490  2554  2530  2536  2518  2404  2444  2533  ]
95 - [ 2523  2558  2547  2572  2569  2404  2533  2577  2518  2554  ]
96 - [ 2606  2601  2404  2594  2591  2597  2599  2558  2582  2533  ]
97 - [ 2597  2601  2615  2591  2533  2621  2629  2613  2618  2606  ]
98 - [ 2621  2629  2637  2658  2618  2655  2653  2606  2645  2591  ]
99 - [ 2682  2653  2637  2645  2618  2658  2681  2621  2668  2677  ]
