14.9142
15.7795
15.7795
15.7795
15.7795
15.7795
15.7795
15.7795
15.7795
15.7795
15.7795
15.7795
15.7795
15.7795
15.7795
15.4161
15.4161
15.4161
15.4161
15.4161
15.4161
15.4161
15.4161
15.4161
15.7716
15.7716
15.7716
15.7716
14.5044
14.8178
15.0882
15.0882
15.0882
15.0882
15.0882
15.0882
15.0882
15.0882
14.1349
15.4082
14.1349
14.4161
14.7940
14.7940
14.7940
14.7940
14.7940
13.8015
13.8015
15.0803
13.8015
15.0803
15.0803
13.8015
14.0666
14.0666
14.5293
14.5293
14.5293
14.5293
13.5022
13.5022
14.7841
13.5022
13.5022
13.7412
13.7412
14.2903
14.2903
14.2903
14.5273
13.2331
13.2331
13.2331
13.2331
13.2331
13.4480
14.0750
14.0750
14.0750
12.9900
14.2903
14.2903
14.2903
12.9900
12.9900
12.9900
14.2903
12.9900
14.2903
12.9900
13.1833
13.8815
13.8815
13.8815
12.7711
14.0750
14.0750
12.7711
14.0750
12.7711
12.7711
14.0750
12.7711
12.7711
14.0750
14.0750
13.7077
13.7077
13.7077
13.7077
12.5743
12.5743
13.8756
12.5743
12.5743
12.5743
12.7309
12.7309
12.7309
13.5517
13.5517
13.5517
13.5517
13.5517
12.3975
12.3975
12.3975
12.3975
12.3975
12.3975
12.3975
12.3975
12.3975
12.5381
13.4114
13.4114
13.4114
13.4114
13.4114
13.4114
13.4114
12.2388
12.2388
12.2388
12.2388
12.2388
12.2388
12.2388
12.2388
13.2850
13.2850
13.2850
13.2850
13.2850
13.2850
13.2850
12.0962
12.0962
12.0962
12.0962
12.0962
12.0962
12.0962
12.0962
13.1705
13.1705
13.1705
13.1705
13.2850
13.2850
11.9677
11.9677
11.9677
11.9677
13.2850
11.9677
11.9677
13.2850
11.9677
13.1705
13.1705
13.1705
13.1705
13.1705
13.1705
13.1705
13.1705
13.1705
13.1705
11.8512
11.8512
11.8512
11.8512
11.8512
13.1645
13.1645
13.1651
10.8830
10.8830
10.8830
10.8830
10.8830
10.8830
10.8830
10.8830
11.8457
13.1645
13.1645
9.7985
9.7985
9.7985
9.7985
9.7985
9.7985
9.7985
9.7985
9.7985
9.7985
9.7985
9.7985
9.7985
13.1645
13.1645
13.1645
13.1645
13.1645
8.8294
8.8294
8.8294
8.8294
8.8294
8.8294
8.8294
8.8294
8.8294
8.8294
13.1645
13.1645
13.1645
13.1645
13.1645
13.1645
7.9525
7.9525
7.9525
7.9525
7.9525
7.9525
7.9525
7.9525
8.7832
13.1645
13.1645
13.1645
13.1645
13.1645
13.1645
13.1645
7.1680
7.1680
7.1680
7.1680
7.1680
7.1680
7.1680
7.1680
13.1645
13.1645
13.1645
13.1645
13.1645
13.1645
13.1645
13.1645
13.1645
6.4527
6.4527
6.4527
6.4527
6.4527
6.4527
13.1645
13.1645
13.1645
13.1645
13.1645
13.1645
13.1645
13.1645
13.1645
13.1645
5.8296
5.8296
5.8296
5.8296
5.8296
13.1645
13.1645
13.1645
13.1645
13.1645
13.1645
13.1645
13.1645
13.1645
13.1645
5.2528
5.2528
5.2528
5.2528
5.2528
13.1645
13.1645
13.1645
13.1645
13.1645
13.1645
13.1645
13.1645
13.1645
13.1645
13.1645
13.1645
13.1645
13.1645
13.1645
13.1645
13.1645
13.1645
13.1645
13.1645
13.1645
13.1645
13.1645
13.1645
13.1645
13.1645
13.1645
13.1645
13.1645
13.1645
13.1645
13.1645
13.1645
13.1645
13.1645
13.1645
13.1645
13.1645
13.1645
13.1645
13.1645
13.1645
13.1645
13.1645
13.1645
13.1645
13.1645
13.1645
13.1645
13.1645
13.1645
13.1645
13.1645
13.1645
13.1645
13.1645
13.1645
13.1645
13.1645
13.1645
13.1645
13.1645
13.1645
13.1645
13.1645
13.1645
13.1645
13.1645
13.1645
13.1645
13.1645
13.1645
13.1645
13.1645
13.1645
13.1645
13.1645
13.1645
13.1645
13.1645
13.1645
13.1645
13.1645
13.1645
13.1645
13.1645
13.1645
13.1645
13.1645
13.1645
13.1645
13.1645
13.1645
13.1645
13.1645
13.1645
13.1645
13.1645
13.1645
13.1645
13.1645
13.1645
13.1645
13.1645
13.1645
13.1645
13.1645
13.1645
13.1645
13.1645
13.1645
13.1645
13.1645
13.1645
13.1645
13.1645
13.1645
13.1645
13.1645
13.1645
13.1645
13.1645
13.1645
13.1645
13.1645
13.1645
13.1645
13.1645
13.1645
13.1645
13.1645
13.1645
13.1645
13.1645
13.1645
13.1645
13.1645
13.1645
13.1645
13.1645
13.1645
13.1645
13.1645
13.1645
13.1645
13.1645
13.1645
13.1645
13.1645
13.1645
13.1645
13.1645
13.1645
13.1645
13.1645
13.1645
13.1645
13.1645
13.1645
13.1645
13.1645
13.1645
13.1645
13.1645
13.1645
13.1645
13.1645
13.1645
13.1645
13.1645
13.1645
13.1645
13.1645
13.1645
13.1645
13.1645
13.1645
13.1645
13.1645
13.1645
13.1645
13.1645
13.1645
13.1645
13.1645
13.1645
13.1645
13.1645
13.1645
13.1645
13.1645
13.1645
13.1645
13.1645
13.1645
13.1645
13.1645
13.1645
13.1645
13.1645
13.1645
13.1645
13.1645
13.1645
13.1645
13.1645
13.1645
13.1645
13.1645
13.1645
13.1645
13.1645
13.1645
13.1645
13.1645
13.1645
13.1645
13.1645
13.1645
13.1645
13.1645
13.1645
13.1645
13.1645
13.1645
13.1645
13.1645
13.1645
13.1645
13.1645
13.1645
13.1645
13.1645
13.1645
13.1645
13.1645
13.1645
13.1645
13.1645
13.1645
13.1645
13.1645
13.1645
13.1645
13.1645
13.1645
13.1645
13.1645
13.1645
13.1645
13.1645
13.1645
13.1645
13.1645
13.1645
13.1645
13.1645
13.1645
13.1645
13.1645
13.1645
13.1645
13.1645
13.1645
13.1645
13.1645
13.1645
13.1645
13.1645
13.1645
13.1645
13.1645
13.1645
13.1645
13.1645
13.1645
13.1645
13.1645
13.1645
13.1645
13.1645
13.1645
13.1645
13.1645
13.1645
13.1645
13.1645
13.1645
13.1645
13.1645
13.1645
13.1645
13.1645
13.1645
13.1645
13.1645
13.1645
13.1645
13.1645
13.1645
13.1645
13.1645
13.1645
13.1645
13.1645
13.1645
13.1645
13.1645
13.1645
13.1645
13.1645
13.1645
13.1645
13.1645
13.1645
13.1645
13.1645
13.1645
13.1645
13.1645
13.1645
13.1645
13.1645
13.1645
13.1645
13.1645
13.1645
13.1645
13.1645
13.1645
13.1645
13.1645
13.1645
13.1645
13.1645
13.1645
13.1645
13.1645
13.1645
13.1645
13.1645
13.1645
13.1645
13.1645
13.1645
13.1645
13.1645
13.1645
13.1645
13.1645
13.1645
13.1645
13.1645
13.1645
13.1645
13.1645
13.1645
13.1645
13.1645
13.1645
13.1645
13.1645
13.1645
13.1645
13.1645
13.1645
13.1645
13.1645
13.1645
13.1645
13.1645
13.1645
13.1645
13.1645
13.1645
13.1645
13.1645
13.1645
13.1645
13.1645
13.1645
13.1645
13.1645
13.1645
13.1645
13.1645
13.1645
13.1645
13.1645
13.1645
13.1645
13.1645
13.1645
13.1645
13.1645
13.1645
13.1645
13.1645
13.1645
13.1645
13.1645
13.1645
13.1645
13.1645
13.1645
13.1645
13.1645
13.1645
13.1645
13.1645
13.1645
13.1645
13.1645
13.1645
13.1645
13.1645
13.1645
13.1645
13.1645
13.1645
13.1645
13.1645
13.1645
13.1645
13.1645
13.1645
13.1645
13.1645
13.1645
13.1645
13.1645
13.1645
13.1645
13.1645
13.1645
13.1645
13.1645
13.1645
13.1645
13.1645
13.1645
13.1645
13.1645
13.1645
13.1645
13.1645
13.1645
13.1645
13.1645
13.1645
13.1645
13.1645
13.1645
13.1645
13.1645
13.1645
13.1645
13.1645
13.1645
13.1645
13.1645
13.1645
13.1645
13.1645
13.1645
13.1645
13.1645
13.1645
13.1645
13.1645
13.1645
13.1645
13.1645
13.1645
13.1645
13.1645
13.1645
13.1645
13.1645
13.1645
13.1645
13.1645
13.1645
13.1645
13.1645
13.1645
13.1645
13.1645
13.1645
13.1645
13.1645
13.1645
13.1645
13.1645
13.1645
13.1645
13.1645
13.1645
13.1645
13.1645
13.1645
13.1645
13.1645
13.1645
13.1645
13.1645
13.1645
13.1645
13.1645
13.1645
13.1645
13.1645
13.1645
13.1645
13.1645
13.1645
13.1645
13.1645
13.1645
13.1645
13.1645
13.1645
13.1645
13.1645
13.1645
13.1645
13.1645
13.1645
13.1645
13.1645
13.1645
13.1645
13.1645
13.1645
13.1645
13.1645
13.1645
13.1645
13.1645
13.1645
13.1645
13.1645
13.1645
13.1645
13.1645
13.1645
13.1645
13.1645
13.1645
13.1645
13.1645
13.1645
13.1645
13.1645
13.1645
13.1645
13.1645
13.1645
13.1645
13.1645
13.1645
13.1645
13.1645
13.1645
13.1645
13.1645
13.1645
13.1645
13.1645
13.1645
13.1645
13.1645
13.1645
13.1645
13.1645
13.1645
13.1645
13.1645
13.1645
13.1645
13.1645
13.1645
13.1645
13.1645
13.1645
13.1645
13.1645
13.1645
13.1645
13.1645
13.1645
13.1645
13.1645
13.1645
13.1645
13.1645
13.1645
13.1645
13.1645
13.1645
13.1645
13.1645
13.1645
13.1645
13.1645
13.1645
13.1645
13.1645
13.1645
13.1645
13.1645
13.1645
13.1645
13.1645
13.1645
13.1645
13.1645
13.1645
13.1645
13.1645
13.1645
13.1645
13.1645
13.1645
13.1645
13.1645
13.1645
13.1645
13.1645
13.1645
13.1645
13.1645
13.1645
13.1645
13.1645
13.1645
13.1645
13.1645
13.1645
13.1645
13.1645
13.1645
13.1645
13.1645
13.1645
13.1645
13.1645
13.1645
13.1645
13.1645
13.1645
13.1645
13.1645
13.1645
13.1645
13.1645
13.1645
13.1645
13.1645
13.1645
13.1645
13.1645
13.1645
13.1645
13.1645
13.1645
13.1645
13.1645
13.1645
13.1645
13.1645
13.1645
13.1645
13.1645
13.1645
13.1645
13.1645
13.1645
13.1645
13.1645
13.1645
13.1645
13.1645
13.1645
13.1645
13.1645
13.1645
13.1645
13.1645
13.1645
13.1645
13.1645
13.1645
13.1645
13.1645
13.1645
13.1645
13.1645
13.1645
13.1645
13.1645
13.1645
13.1645
13.1645
13.1645
13.1645
13.1645
13.1645
13.1645
13.1645
13.1645
13.1645
13.1645
13.1645
13.1645
13.1645
13.1645
13.1645
13.1645
13.1645
13.1645
13.1645
13.1645
13.1645
13.1645
13.1645
13.1645
13.1645
13.1645
13.1645
13.1645
13.1645
13.1645
13.1645
13.1645
13.1645
13.1645
13.1645
13.1645
13.1645
13.1645
13.1645
13.1645
13.1645
13.1645
13.1645
13.1645
13.1645
13.1645
13.1645
13.1645
13.1645
13.1645
13.1645
13.1645
13.1645
13.1645
13.1645
13.1645
13.1645
13.1645
13.1645
13.1645
13.1645
13.1645
13.1645
13.1645
13.1645
13.1645
13.1645
13.1645
13.1645
13.1645
13.1645
13.1645
13.1645
13.1645
13.1645
13.1645
13.1645
13.1645
13.1645
13.1645
13.1645
13.1645
13.1645
13.1645
13.1645
13.1645
13.1645
13.1645
13.1645
13.1645
13.1645
13.1645
13.1645
13.1645
13.1645
13.1645
13.1645
13.1645
13.1645
13.1645
13.1645
13.1645
13.1645
13.1645
13.1645
13.1645
13.1645
13.1645
13.1645
13.1645
13.1645
13.1645
13.1645
13.1645
13.1645
13.1645
13.1645
13.1645
13.1645
13.1645
13.1645
13.1645
13.1645
13.1645
13.1645
13.1645
13.1645
13.1645
13.1645
13.1645
13.1645
13.1645
13.1645
13.1645
13.1645
13.1645
13.1645
13.1645
13.1645
13.1645
13.1645
13.1645
13.1645
13.1645
13.1645
13.1645
13.1645
13.1645
13.1645
13.1645
13.1645
13.1645
13.1645
13.1645
13.1645
13.1645
13.1645
13.1645
13.1645
13.1645
13.1645
13.1645
13.1645
13.1645
13.1645
13.1645
13.1645
13.1645
13.1645
13.1645
13.1645
13.1645
13.1645
13.1645
13.1645
13.1645
13.1645
13.1645
13.1645
13.1645
13.1645
13.1645
13.1645
13.1645
13.1645
13.1645
13.1645
13.1645
13.1645
13.1645
13.1645
13.1645
13.1645
13.1645
13.1645
13.1645
13.1645
13.1645
13.1645
13.1645
13.1645
13.1645
13.1645
13.1645
13.1645
13.1645
13.1645
13.1645
13.1645
13.1645
13.1645
13.1645
13.1645
13.1645
13.1645
13.1645
13.1645
13.1645
13.1645
13.1645
13.1645
13.1645
13.1645
13.1645
13.1645
13.1645
13.1645
13.1645
13.1645
13.1645
13.1645
13.1645
13.1645
13.1645
13.1645
13.1645
13.1645
13.1645
13.1645
13.1645
13.1645
13.1645
13.1645
13.1645
13.1645
13.1645
13.1645
13.1645
13.1645
13.1645
13.1645
13.1645
13.1645
13.1645
13.1645
13.1645
13.1645
13.1645
13.1645
13.1645
13.1645
13.1645
13.1645
13.1645
13.1645
13.1645
13.1645
13.1645
13.1645
13.1645
13.1645
13.1645
13.1645
13.1645
13.1645
13.1645
13.1645
13.1645
13.1645
13.1645
13.1645
13.1645
13.1645
13.1645
13.1645
13.1645
13.1645
13.1645
13.1645
13.1645
13.1645
13.1645
13.1645
13.1645
13.1645
13.1645
13.1645
13.1645
13.1645
13.1645
13.1645
13.1645
13.1645
13.1645
13.1645
13.1645
13.1645
13.1645
13.1645
13.1645
13.1645
13.1645
13.1645
13.1645
13.1645
13.1645
13.1645
13.1645
13.1645
13.1645
13.1645
13.1645
13.1645
13.1645
13.1645
13.1645
13.1645
13.1645
13.1645
13.1645
13.1645
13.1645
13.1645
13.1645
13.1645
13.1645
13.1645
13.1645
13.1645
13.1645
13.1645
13.1645
13.1645
13.1645
13.1645
13.1645
13.1645
13.1645
13.1645
13.1645
13.1645
13.1645
13.1645
13.1645
13.1645
13.1645
13.1645
13.1645
13.1645
13.1645
13.1645
13.1645
13.1645
13.1645
13.1645
13.1645
13.1645
13.1645
13.1645
13.1645
13.1645
13.1645
13.1645
13.1645
13.1645
13.1645
13.1645
13.1645
13.1645
13.1645
13.1645
13.1645
13.1645
13.1645
13.1645
13.1645
13.1645
13.1645
13.1645
13.1645
13.1645
13.1645
13.1645
13.1645
13.1645
13.1645
13.1645
13.1645
13.1645
13.1645
13.1645
13.1645
13.1645
13.1645
13.1645
13.1645
13.1645
13.1645
13.1645
13.1645
13.1645
13.1645
13.1645
13.1645
13.1645
13.1645
13.1645
13.1645
13.1645
13.1645
13.1645
13.1645
13.1645
13.1645
13.1645
13.1645
13.1645
13.1645
13.1645
13.1645
13.1645
13.1645
13.1645
13.1645
13.1645
13.1645
13.1645
13.1645
13.1645
13.1645
13.1645
13.1645
13.1645
13.1645
13.1645
13.1645
13.1645
13.1645
13.1645
13.1645
13.1645
13.1645
13.1645
13.1645
13.1645
13.1645
13.1645
13.1645
13.1645
13.1645
13.1645
13.1645
13.1645
13.1645
13.1645
13.1645
13.1645
