0 - [ 274  208  270  243  262  62  236  69  70  100  57  160  192  49  175  ]
1 - [ 343  315  344  316  371  375  386  336  378  349  337  286  341  395  302  ]
2 - [ 492  419  516  455  416  467  471  431  404  423  515  504  ]
3 - [ 557  587  547  532  562  584  558  551  519  525  599  565  595  579  ]
4 - [ 703  667  679  626  711  661  665  645  700  638  672  ]
5 - [ 725  754  761  762  749  733  715  795  745  780  ]
6 - [ 818  866  825  838  807  850  871  846  806  861  834  853  819  826  828  ]
7 - [ 984  983  881  980  958  878  894  883  946  991  897  917  961  954  985  ]
8 - [ 1099  1071  1019  1057  1056  1068  1054  1038  1039  1103  1066  1058  1051  ]
9 - [ 1120  1172  1167  1111  1206  1160  1164  1155  1136  1124  1176  1175  1205  1202  1207  ]
10 - [ 1308  1250  1320  1301  1245  1246  1217  1222  1324  1242  1296  1313  1225  1289  1229  ]
11 - [ 1402  1371  1403  1336  1349  1387  1356  1361  1407  1421  1364  1340  1443  1379  1418  ]
12 - [ 1537  1521  1505  1501  1522  1470  1457  1476  1517  1509  1561  1484  1488  1534  1541  ]
13 - [ 1627  1668  1636  1580  1637  1569  1634  1677  1657  1570  1651  1640  1591  1606  1622  ]
14 - [ 1705  1786  1710  1680  1736  1745  1765  1768  1687  1753  1695  1747  ]
15 - [ 1888  1878  1805  1800  1824  1869  1872  1853  1821  1884  1849  1861  1812  1813  1864  ]
16 - [ 1962  1930  1895  1908  1902  1968  1933  2005  1964  1940  1924  2001  1996  1925  1932  ]
17 - [ 2031  2101  2105  2067  2112  2030  2023  2085  2070  2058  2033  2027  2107  2093  2035  ]
18 - [ 2143  2141  2233  2191  2229  2123  2216  2153  2181  2212  2138  2134  2146  2149  2217  ]
19 - [ 2259  2287  2255  2326  2267  2295  2338  2240  2263  2341  2300  2269  2308  2312  2317  ]
20 - [ 2460  2422  2446  2442  2360  2358  2389  2368  2369  2468  2452  2423  2375  2371  2456  ]
21 - [ 2488  2580  2564  2515  2492  2495  2484  2482  2503  2494  2497  2505  2478  2566  2509  ]
22 - [ 2679  2605  2692  2632  2601  2672  2690  2597  2676  2628  2657  2642  2609  2593  2617  ]
23 - [ 2698  2751  2720  2758  2740  2705  2787  2702  2781  2799  2761  2748  2744  2736  2728  ]
24 - [ 2826  2877  2904  2901  2830  2889  2893  2851  2819  2838  2811  2848  2845  2869  2807  ]
25 - [ 2977  2955  2980  3017  2936  2939  2932  2959  2926  2941  2973  2947  3006  3013  2943  ]
26 - [ 3038  3113  3087  3031  3083  3067  3071  3024  3053  3090  3120  3049  3102  3117  3106  ]
27 - [ 3231  3172  3235  3165  3224  3221  3238  3149  3141  3195  3227  3183  3179  3142  3176  ]
28 - [ 3267  3250  3263  3324  3327  3314  3253  3298  3242  3302  3271  3288  3285  3277  3345  ]
29 - [ 3356  3443  3419  3417  3389  3424  3363  3348  3385  3370  3396  3403  3360  3447  3435  ]
30 - [ 3558  3504  3453  3475  3482  3460  3539  3489  3500  3546  3507  3464  3525  3472  3550  ]
31 - [ 3617  3576  3604  3610  3590  3593  3613  3657  3638  3642  3624  3583  3649  3572  3635  ]
32 - [ 3726  3686  3707  3668  3737  3695  3718  3742  3766  3755  3699  3744  3679  3763  3733  ]
33 - [ 3816  3878  3777  3812  3826  3808  3795  3871  3856  3859  3794  3784  3852  3844  3848  ]
34 - [ 3908  3926  3945  3952  3937  3906  3899  3912  3896  3923  3888  3956  3915  3960  3903  ]
35 - [ 4012  3993  4057  4011  3990  4053  4081  3986  4035  4027  4049  4024  4045  4074  4064  ]
36 - [ 4180  4194  4142  4096  4131  4108  4148  4100  4160  4138  4164  4173  4145  4177  4156  ]
37 - [ 4266  4270  4283  4240  4198  4255  4261  4295  4282  4280  4286  4212  4293  4274  4216  ]
38 - [ 4383  4310  4358  4370  4327  4299  4397  4345  4377  4366  4321  4362  4401  4374  4354  ]
39 - [ 4457  4453  4494  4420  4487  4505  4416  4446  4472  4439  4450  4491  4427  4412  4483  ]
40 - [ 4578  4518  4612  4548  4526  4592  4596  4559  4586  4522  4616  4562  4609  4537  4576  ]
41 - [ 4639  4693  4704  4664  4689  4633  4642  4678  4708  4723  4668  4685  4657  4649  4676  ]
42 - [ 4788  4743  4831  4806  4809  4731  4740  4819  4792  4747  4727  4828  4799  4781  4803  ]
43 - [ 4880  4887  4933  4924  4894  4927  4835  4918  4915  4911  4876  4920  4897  4868  4844  ]
44 - [ 5022  4946  5018  4998  4938  5033  4978  4936  4969  5032  4991  4950  5026  4989  4967  ]
45 - [ 5066  5040  5118  5106  5117  5144  5087  5052  5084  5048  5073  5091  5103  5070  5095  ]
46 - [ 5220  5170  5180  5238  5256  5150  5165  5245  5184  5154  5158  5191  5208  5249  5192  ]
47 - [ 5347  5306  5280  5343  5327  5260  5324  5295  5341  5291  5272  5299  5266  5276  5345  ]
48 - [ 5408  5370  5414  5378  5389  5442  5401  5405  5453  5396  5471  5393  5411  5438  5418  ]
49 - [ 5494  5498  5501  5579  5558  5509  5479  5483  5539  5527  5487  5568  5507  5505  5546  ]
50 - [ 5629  5615  5645  5679  5588  5658  5625  5685  5666  5672  5603  5654  5593  5635  5590  ]
51 - [ 5770  5704  5757  5696  5781  5792  5765  5746  5766  5777  5785  5715  5750  5774  5738  ]
52 - [ 5828  5836  5820  5882  5809  5798  5849  5846  5824  5884  5819  5871  5888  5860  5854  ]
53 - [ 5927  5984  5921  5967  5988  5978  5905  5910  5934  5930  5951  5924  5999  5982  5903  ]
54 - [ 6085  6093  6063  6100  6096  6016  6036  6055  6019  6022  6057  6051  6082  6046  6013  ]
55 - [ 6168  6165  6123  6200  6140  6119  6111  6133  6127  6130  6151  6192  6180  6186  6172  ]
56 - [ 6307  6250  6241  6229  6301  6283  6310  6233  6294  6270  6314  6306  6264  6273  6237  ]
57 - [ 6332  6353  6420  6405  6355  6380  6338  6408  6391  6321  6383  6372  6356  6364  6324  ]
58 - [ 6454  6521  6517  6513  6506  6451  6479  6462  6431  6524  6427  6489  6424  6468  6493  ]
59 - [ 6604  6618  6595  6545  6560  6629  6611  6601  6527  6625  6578  6549  6534  6586  6608  ]
60 - [ 6639  6695  6721  6728  6707  6711  6644  6684  6654  6633  6724  6641  6714  6703  6671  ]
61 - [ 6736  6791  6799  6823  6734  6759  6828  6752  6749  6781  6788  6785  6831  6743  6767  ]
62 - [ 6858  6881  6869  6850  6916  6897  6861  6944  6839  6843  6865  6884  6894  6923  6854  ]
63 - [ 7023  6964  7037  6976  7033  7002  6979  7052  7012  7009  7019  6956  6948  6983  7041  ]
64 - [ 7097  7058  7101  7149  7108  7141  7123  7112  7138  7105  7065  7116  7090  7132  7079  ]
65 - [ 7227  7191  7206  7231  7247  7250  7220  7244  7195  7254  7224  7266  7198  7212  7202  ]
66 - [ 7302  7334  7327  7324  7317  7289  7341  7306  7350  7370  7285  7313  7299  7281  7374  ]
67 - [ 7398  7423  7445  7473  7441  7419  7469  7415  7463  7449  7434  7380  7401  7477  7383  ]
68 - [ 7552  7582  7496  7526  7545  7530  7511  7575  7519  7569  7481  7541  7515  7548  7589  ]
69 - [ 7661  7611  7615  7667  7591  7683  7634  7657  7602  7680  7638  7646  7692  7594  7650  ]
70 - [ 7784  7767  7745  7700  7781  7755  7753  7763  7735  7702  7707  7774  7704  7721  7710  ]
71 - [ 7901  7837  7890  7804  7841  7893  7870  7823  7815  7873  7905  7908  7858  7811  7883  ]
72 - [ 7975  7968  7916  7936  7958  8009  7964  7987  8005  7983  7955  7979  8015  7932  8012  ]
73 - [ 8069  8024  8098  8055  8094  8028  8045  8111  8072  8090  8121  8086  8052  8032  8042  ]
74 - [ 8158  8129  8133  8180  8144  8171  8195  8225  8136  8184  8174  8210  8140  8161  8177  ]
75 - [ 8327  8280  8297  8283  8266  8307  8273  8323  8270  8250  8303  8300  8316  8335  8276  ]
76 - [ 8441  8437  8346  8398  8360  8354  8350  8405  8386  8367  8382  8371  8426  8433  8409  ]
77 - [ 8534  8517  8467  8515  8547  8460  8488  8542  8500  8538  8480  8502  8452  8512  8531  ]
78 - [ 8641  8633  8657  8649  8653  8624  8609  8600  8566  8563  8586  8606  8590  8603  8576  ]
79 - [ 8701  8750  8722  8664  8754  8733  8692  8698  8739  8726  8668  8675  8742  8713  8719  ]
80 - [ 8813  8768  8779  8862  8824  8766  8820  8865  8840  8851  8858  8844  8832  8848  8830  ]
81 - [ 8971  8903  8897  8906  8933  8921  8960  8968  8923  8893  8875  8946  8943  8937  8956  ]
82 - [ 9006  9000  9029  8989  9013  8975  9071  9037  8982  8978  9079  9027  9068  9052  9048  ]
83 - [ 9134  9138  9101  9148  9162  9088  9159  9131  9166  9081  9117  9155  9141  9173  9105  ]
84 - [ 9258  9240  9247  9278  9194  9265  9201  9221  9255  9272  9198  9282  9285  9187  9251  ]
85 - [ 9333  9358  9296  9369  9376  9340  9362  9288  9299  9347  9306  9309  9292  9326  9391  ]
86 - [ 9440  9477  9451  9463  9419  9407  9415  9494  9469  9447  9398  9453  9411  9487  9456  ]
87 - [ 9577  9600  9557  9561  9545  9546  9502  9553  9535  9528  9518  9584  9607  9580  9586  ]
88 - [ 9628  9702  9698  9679  9694  9671  9651  9610  9658  9618  9625  9614  9662  9635  9690  ]
89 - [ 9737  9802  9785  9756  9718  9729  9722  9813  9774  9798  9778  9726  9716  9741  9769  ]
90 - [ 9829  9844  9871  9850  9816  9819  9864  9875  9889  9823  9908  9840  9878  9833  9905  ]
91 - [ 9927  9953  9937  9961  9980  9968  9941  9972  9924  9917  9931  9976  10007  10015  9957  ]
92 - [ 10099  10026  10069  10051  10049  10121  10103  10095  10084  10114  10117  10092  10110  10036  10039  ]
93 - [ 10139  10151  10159  10225  10162  10212  10149  10178  10132  10188  10173  10185  10166  10136  10145  ]
94 - [ 10307  10257  10275  10327  10235  10334  10279  10282  10245  10299  10314  10320  10311  10331  10264  ]
95 - [ 10382  10374  10340  10362  10438  10391  10409  10402  10432  10366  10429  10370  10395  10351  10421  ]
96 - [ 10472  10505  10462  10537  10479  10531  10449  10453  10469  10509  10455  10516  10486  10533  10524  ]
97 - [ 10561  10600  10590  10639  10618  10620  10607  10642  10603  10564  10586  10632  10615  10571  10624  ]
98 - [ 10670  10676  10691  10731  10647  10687  10651  10711  10745  10742  10672  10703  10749  10700  10738  ]
99 - [ 10828  10793  10831  10807  10778  10834  10768  10758  10796  10764  10786  10819  10800  10771  10761  ]
