0 - [ 11  6  3  14  4  3  6  9  4  ]
1 - [ 6  36  6  21  4  3  11  3  33  4  ]
2 - [ 21  42  36  33  36  21  54  68  33  46  ]
3 - [ 83  98  68  21  21  46  33  33  36  36  ]
4 - [ 101  98  83  36  33  21  68  33  36  21  ]
5 - [ 133  101  101  83  98  36  21  33  33  21  ]
6 - [ 133  101  101  101  101  133  159  98  83  21  ]
7 - [ 197  159  133  101  133  101  101  101  83  98  ]
8 - [ 197  197  235  101  101  159  101  133  101  133  ]
9 - [ 253  197  235  197  101  133  101  101  101  133  ]
10 - [ 277  253  197  235  197  133  101  101  101  101  ]
11 - [ 277  277  253  235  197  197  101  101  101  101  ]
12 - [ 277  277  277  335  277  253  235  197  197  101  ]
13 - [ 368  377  277  335  277  277  277  253  197  197  ]
14 - [ 398  395  368  377  277  277  277  335  277  253  ]
15 - [ 395  398  428  431  398  395  377  368  277  277  ]
16 - [ 395  398  398  395  428  431  368  377  277  277  ]
17 - [ 398  428  395  398  395  431  368  377  277  277  ]
18 - [ 527  398  395  515  530  431  521  398  524  395  ]
19 - [ 515  524  530  521  527  395  395  398  398  431  ]
20 - [ 587  527  521  524  515  530  398  395  398  395  ]
21 - [ 610  587  587  524  530  515  521  527  398  395  ]
22 - [ 587  610  587  524  527  521  515  530  395  398  ]
23 - [ 667  587  587  610  530  521  527  524  515  395  ]
24 - [ 667  587  610  587  527  530  521  524  515  395  ]
25 - [ 667  610  587  587  527  515  524  521  530  395  ]
26 - [ 667  754  667  760  763  587  587  610  524  530  ]
27 - [ 792  667  667  763  760  754  587  610  587  524  ]
28 - [ 792  792  822  825  667  754  760  763  667  587  ]
29 - [ 845  822  825  792  792  667  763  667  760  754  ]
30 - [ 872  845  792  822  825  792  754  667  760  667  ]
31 - [ 872  845  792  825  792  822  760  667  754  667  ]
32 - [ 845  792  667  822  792  932  667  872  825  760  ]
33 - [ 932  872  845  792  825  792  822  667  760  667  ]
34 - [ 932  992  932  872  845  822  792  792  825  667  ]
35 - [ 932  932  992  872  845  792  822  825  792  667  ]
36 - [ 845  792  932  932  825  792  992  822  872  667  ]
37 - [ 932  932  992  872  845  792  822  825  792  667  ]
38 - [ 932  992  1120  932  1114  932  932  992  872  845  ]
39 - [ 932  932  932  992  932  992  1120  1114  872  845  ]
40 - [ 992  932  932  1114  932  932  992  1120  872  845  ]
41 - [ 1210  1201  1213  932  1120  992  992  932  932  932  ]
42 - [ 1210  1201  1213  932  932  932  992  932  992  1120  ]
43 - [ 1201  1213  1210  932  932  932  992  1120  932  992  ]
44 - [ 1210  1201  1213  992  992  932  932  1120  932  932  ]
45 - [ 1328  1213  1201  1210  992  992  932  932  932  932  ]
46 - [ 1328  1201  1210  1213  932  932  992  992  932  932  ]
47 - [ 1381  1328  1201  1213  1210  992  932  932  932  932  ]
48 - [ 1413  1381  1381  1328  1201  1213  1210  932  932  932  ]
49 - [ 1381  1381  1413  1328  1201  1210  1213  932  932  932  ]
50 - [ 1381  1413  1381  1328  1210  1213  1201  932  932  932  ]
51 - [ 1381  1381  1413  1328  1201  1210  1213  932  932  932  ]
52 - [ 1413  1381  1381  1328  1213  1201  1210  932  932  932  ]
53 - [ 1558  1381  1381  1413  1328  1210  1201  1213  932  932  ]
54 - [ 1558  1413  1381  1381  1328  1213  1201  1210  932  932  ]
55 - [ 1558  1381  1381  1413  1328  1210  1213  1201  932  932  ]
56 - [ 1558  1381  1381  1413  1328  1213  1201  1210  932  932  ]
57 - [ 1558  1381  1381  1413  1328  1210  1201  1213  932  932  ]
58 - [ 1707  1558  1381  1413  1381  1328  1210  1201  1213  932  ]
59 - [ 1213  1210  1381  1558  1707  1413  1328  1381  932  1201  ]
60 - [ 1707  1558  1381  1413  1381  1328  1210  1213  1201  932  ]
61 - [ 1707  1558  1413  1381  1381  1328  1201  1210  1213  932  ]
62 - [ 1707  1558  1413  1381  1381  1328  1213  1201  1210  932  ]
63 - [ 1707  1558  1381  1381  1413  1328  1201  1213  1210  932  ]
64 - [ 1707  1558  1381  1381  1413  1328  1210  1213  1201  932  ]
65 - [ 1707  1707  1558  1413  1381  1381  1328  1213  1201  1210  ]
66 - [ 1707  1707  1558  1381  1381  1413  1328  1201  1210  1213  ]
67 - [ 1707  1707  1558  1381  1381  1413  1328  1210  1213  1201  ]
68 - [ 1707  1558  1213  1413  1210  1707  1381  1201  1328  1381  ]
69 - [ 1707  1707  1558  1381  1413  1381  1328  1210  1213  1201  ]
70 - [ 1707  1707  1707  1707  1558  1413  1381  1381  1328  1210  ]
71 - [ 1707  1707  1707  1707  1558  1381  1381  1413  1328  1210  ]
72 - [ 1413  1328  1707  1381  1707  1558  1210  1707  1707  1381  ]
73 - [ 1707  1707  1707  1707  1558  1381  1413  1381  1328  1210  ]
74 - [ 1707  1707  1707  1707  1558  1413  1381  1381  1328  1210  ]
75 - [ 1707  1707  1707  1707  1558  1381  1413  1381  1328  1210  ]
76 - [ 1707  1707  1707  1707  1558  1381  1413  1381  1328  1210  ]
77 - [ 1707  1707  1707  1707  1558  1381  1413  1381  1328  1210  ]
78 - [ 1707  1707  1707  1707  1558  1381  1413  1381  1328  1210  ]
79 - [ 1707  1707  1707  1707  1558  1413  1381  1381  1328  1210  ]
80 - [ 1707  1707  1707  1707  1558  1413  1381  1381  1328  1210  ]
81 - [ 1707  1707  1707  1707  1558  1413  1381  1381  1328  1210  ]
82 - [ 1707  1707  1707  1707  1558  1413  1381  1381  1328  1210  ]
83 - [ 1707  1707  1707  1707  1558  1381  1381  1413  1328  1210  ]
84 - [ 1707  1707  1707  1707  1558  1381  1381  1413  1328  1210  ]
85 - [ 1707  1707  1707  1707  1558  1413  1381  1381  1328  1210  ]
86 - [ 1707  1707  1707  1707  1558  1381  1413  1381  1328  1210  ]
87 - [ 1707  1707  1707  1707  1558  1381  1381  1413  1328  1210  ]
88 - [ 1707  1707  1707  1707  1558  1413  1381  1381  1328  1210  ]
89 - [ 1707  1707  1707  1707  1558  1413  1381  1381  1328  1210  ]
90 - [ 1707  1707  1707  1707  1558  1381  1381  1413  1328  1210  ]
91 - [ 1707  1707  1707  1707  1558  1413  1381  1381  1328  1210  ]
92 - [ 1707  1707  1707  1707  1558  1381  1413  1381  1328  1210  ]
93 - [ 1707  1707  1707  1707  1558  1413  1381  1381  1328  1210  ]
94 - [ 1707  2780  1707  1707  2786  1707  1707  1707  1707  1707  ]
95 - [ 1707  1707  2780  1707  1707  2786  1707  1707  1707  1707  ]
96 - [ 2780  1707  1707  1707  1707  1707  2786  1707  1707  1707  ]
97 - [ 1707  2780  1707  2786  1707  1707  1707  1707  1707  1707  ]
98 - [ 1707  2780  1707  1707  1707  1707  1707  1707  1707  2786  ]
99 - [ 1707  1707  1707  1707  2786  1707  1707  1707  2780  1707  ]
