17.4792
17.4792
17.4792
17.4792
17.4806
17.4806
17.5199
18.9823
18.9823
19.0215
17.4792
17.4792
17.4792
17.4792
17.4792
17.4806
17.4806
17.4806
17.4806
17.4806
17.4634
17.4792
17.4792
17.4792
17.4792
17.4792
17.4806
17.4806
17.4806
17.4806
17.4634
17.4634
17.4792
17.4792
17.4792
17.4792
17.4792
17.4792
17.4792
17.4792
17.4634
17.4634
17.4634
17.4634
17.4634
17.4792
17.4792
17.4792
17.4792
17.4792
17.4634
17.4634
17.4634
17.4634
17.4634
17.4634
17.4634
17.4634
17.4634
17.4634
17.4634
17.4634
17.4634
17.4634
17.4634
17.4634
17.4634
17.4634
17.4634
17.4634
17.4634
17.4634
17.4634
17.4634
17.4634
17.4634
17.4634
17.4634
17.4634
17.4634
17.4634
17.4634
17.4634
17.4634
17.4634
17.4634
17.4634
17.4634
17.4634
17.4634
17.4634
17.4634
17.4634
17.4634
17.4634
17.4634
17.4634
17.4634
17.4634
17.4634
17.4634
17.4634
17.4634
17.4634
17.4634
17.4634
17.4634
17.4634
17.4634
17.4634
17.4634
17.4634
17.4634
17.4634
17.4634
17.4634
17.4634
17.4634
17.4634
17.4634
17.4634
17.4634
17.4634
17.4634
17.4634
17.4634
17.4634
17.4634
17.4634
17.4634
17.4634
17.4634
17.4634
17.4634
17.4634
17.4634
17.4634
17.4634
17.4634
17.4634
17.4634
17.4634
17.4634
17.4634
17.4634
17.4634
17.4634
17.4634
17.4634
17.4634
17.4634
17.4634
17.4634
17.4634
17.4634
17.4634
17.4634
17.4634
17.4634
17.4634
17.4634
17.4634
17.4634
17.4634
17.4634
17.4634
17.4634
17.4634
17.4634
17.4634
17.4634
17.4634
17.4634
17.4634
17.4634
17.4634
17.4634
17.4634
17.4634
17.4634
17.4634
17.4634
17.4634
17.4634
17.4634
17.4634
17.4634
17.4634
17.4634
17.4634
17.4634
17.4634
17.4634
17.4634
17.4634
17.4634
17.4634
17.4634
17.4634
17.4634
17.4634
17.4634
17.4634
17.4634
17.4634
17.4634
17.4634
17.4634
17.4634
17.4634
17.4634
17.4634
17.4634
17.4634
17.4634
17.4634
17.4634
17.4634
17.4634
17.4634
17.4634
17.4634
17.4634
17.4634
17.4634
17.4634
17.4634
17.4634
17.4634
17.4634
17.4634
17.4634
17.4634
17.4634
17.4634
17.4634
17.4634
17.4634
17.4634
17.4634
17.4634
17.4634
17.4634
17.4634
17.4634
17.4634
17.4634
17.4634
17.4634
17.4634
17.4634
17.4634
17.4634
17.4634
17.4634
17.4634
17.4634
17.4634
17.4634
17.4634
17.4634
17.4634
17.4634
17.4634
17.4634
17.4634
17.4634
17.4634
17.4634
17.4634
17.4634
17.4634
17.4634
17.4634
17.4634
17.4634
17.4634
17.4634
17.4634
17.4634
17.4634
17.4634
17.4634
17.4634
17.4634
17.4634
17.4634
17.4634
17.4634
17.4634
17.4634
17.4634
17.4634
17.4634
17.4634
17.4634
17.4634
17.4634
17.4634
17.4634
17.4634
17.4634
17.4634
17.4634
17.4634
17.4634
17.4634
17.4634
17.4634
17.4634
17.4634
17.4634
17.4634
17.4634
17.4634
17.4634
17.4634
17.4634
17.4634
17.4634
17.4634
17.4634
17.4634
17.4634
17.4634
17.4634
17.4634
17.4634
17.4634
17.4634
17.4634
17.4634
17.4634
17.4634
17.4634
17.4634
17.4634
17.4634
17.4634
17.4634
17.4634
17.4634
17.4634
17.4634
17.4634
17.4634
17.4634
17.4634
17.4634
17.4634
17.4634
17.4634
17.4634
17.4634
17.4634
17.4634
17.4634
17.4634
17.4634
17.4634
17.4634
17.4634
17.4634
17.4634
17.4634
17.4634
17.4634
17.4634
17.4634
17.4634
17.4634
17.4634
17.4634
17.4634
17.4634
17.4634
17.4634
17.4634
17.4634
17.4634
17.4634
17.4634
17.4634
17.4634
17.4634
17.4634
17.4634
17.4634
17.4634
17.4634
17.4634
17.4634
17.4634
17.4634
17.4634
17.4634
17.4634
17.4634
17.4634
17.4634
17.4634
17.4634
17.4634
17.4634
17.4634
17.4634
17.4634
17.4634
17.4634
17.4634
17.4634
17.4634
17.4634
17.4634
17.4634
17.4634
17.4634
17.4634
17.4634
17.4634
17.4634
17.4634
17.4634
17.4634
17.4634
17.4634
17.4634
17.4634
17.4634
17.4634
17.4634
17.4634
17.4634
17.4634
17.4634
17.4634
17.4634
17.4634
17.4634
17.4634
17.4634
17.4634
17.4634
17.4634
17.4634
17.4634
17.4634
17.4634
17.4634
17.4634
17.4634
17.4634
17.4634
17.4634
17.4634
17.4634
17.4634
17.4634
17.4634
17.4634
17.4634
17.4634
17.4634
17.4634
17.4634
17.4634
17.4634
17.4634
17.4634
17.4634
17.4634
17.4634
17.4634
17.4634
17.4634
17.4634
17.4634
17.4634
17.4634
17.4634
17.4634
17.4634
17.4634
17.4634
17.4634
17.4634
17.4634
17.4634
17.4634
17.4634
17.4634
17.4634
17.4634
17.4634
17.4634
17.4634
17.4634
17.4634
17.4634
17.4634
17.4634
17.4634
17.4634
17.4634
17.4634
17.4634
17.4634
17.4634
17.4634
17.4634
17.4634
17.4634
17.4634
17.4634
17.4634
17.4634
17.4634
17.4634
17.4634
17.4634
17.4634
17.4634
17.4634
17.4634
17.4634
17.4634
17.4634
17.4634
17.4634
17.4634
17.4634
17.4634
17.4634
17.4634
17.4634
17.4634
17.4634
17.4634
17.4634
17.4634
17.4634
17.4634
17.4634
17.4634
17.4634
17.4634
17.4634
17.4634
17.4634
17.4634
17.4634
17.4634
17.4634
17.4634
17.4634
17.4634
17.4634
17.4634
17.4634
17.4634
17.4634
17.4634
17.4634
17.4634
17.4634
17.4634
17.4634
17.4634
17.4634
17.4634
17.4634
17.4634
17.4634
17.4634
17.4634
17.4634
17.4634
17.4634
17.4634
17.4634
17.0605
17.4634
17.4634
17.4634
17.4634
17.4634
17.4634
17.4634
17.4634
17.4634
17.0605
17.1435
17.1730
17.1772
17.3805
17.3805
17.4114
17.4634
17.4634
17.4634
17.0605
17.1100
17.1277
17.1435
17.1435
17.1716
17.1730
17.1772
17.1785
17.2149
17.0605
17.0763
17.1100
17.1169
17.1218
17.1277
17.1343
17.1435
17.1435
17.1558
17.0605
17.0763
17.0829
17.0829
17.1100
17.1100
17.1139
17.1169
17.1205
17.1218
17.0605
17.0606
17.0750
17.0763
17.0829
17.0829
17.0829
17.0981
17.0981
17.0995
17.0605
17.0606
17.0645
17.0724
17.0750
17.0750
17.0763
17.0764
17.0790
17.0829
17.0605
17.0606
17.0619
17.0645
17.0645
17.0671
17.0724
17.0737
17.0750
17.0750
17.0605
17.0606
17.0618
17.0619
17.0619
17.0619
17.0632
17.0645
17.0645
17.0671
17.0566
17.0605
17.0606
17.0606
17.0618
17.0619
17.0619
17.0619
17.0619
17.0619
17.0566
17.0566
17.0579
17.0592
17.0605
17.0606
17.0606
17.0606
17.0618
17.0619
17.0553
17.0566
17.0566
17.0566
17.0566
17.0579
17.0592
17.0605
17.0606
17.0606
17.0553
17.0553
17.0566
17.0566
17.0566
17.0566
17.0566
17.0566
17.0579
17.0579
17.0553
17.0553
17.0566
17.0566
17.0566
17.0566
17.0566
17.0566
17.0566
17.0566
17.0553
17.0553
17.0553
17.0566
17.0566
17.0566
17.0566
17.0566
17.0566
17.0566
17.0553
17.0553
17.0553
17.0553
17.0566
17.0566
17.0566
17.0566
17.0566
17.0566
17.0553
17.0553
17.0553
17.0553
17.0553
17.0553
17.0566
17.0566
17.0566
17.0566
17.0553
17.0553
17.0553
17.0553
17.0553
17.0553
17.0553
17.0553
17.0553
17.0566
17.0553
17.0553
17.0553
17.0553
17.0553
17.0553
17.0553
17.0553
17.0553
17.0553
17.0553
17.0553
17.0553
17.0553
17.0553
17.0553
17.0553
17.0553
17.0553
17.0553
17.0553
17.0553
17.0553
17.0553
17.0553
17.0553
17.0553
17.0553
17.0553
17.0553
17.0553
17.0553
17.0553
17.0553
17.0553
17.0553
17.0553
17.0553
17.0553
17.0553
17.0553
17.0553
17.0553
17.0553
17.0553
17.0553
17.0553
17.0553
17.0553
17.0553
17.0553
17.0553
17.0553
17.0553
17.0553
17.0553
17.0553
17.0553
17.0553
17.0553
17.0553
17.0553
17.0553
17.0553
17.0553
17.0553
17.0553
17.0553
17.0553
17.0553
17.0553
17.0553
17.0553
17.0553
17.0553
17.0553
17.0553
17.0553
17.0553
17.0553
17.0553
17.0553
17.0553
17.0553
17.0553
17.0553
17.0553
17.0553
17.0553
17.0553
17.0553
17.0553
17.0553
17.0553
17.0553
17.0553
17.0553
17.0553
17.0553
17.0553
17.0553
17.0553
17.0553
17.0553
17.0553
17.0553
17.0553
17.0553
17.0553
17.0553
17.0553
17.0553
17.0553
17.0553
17.0553
17.0553
17.0553
17.0553
17.0553
17.0553
17.0553
17.0553
17.0553
17.0553
17.0553
17.0553
17.0553
17.0553
17.0553
17.0553
17.0553
17.0553
17.0553
17.0553
17.0553
17.0553
17.0553
17.0553
17.0553
17.0553
17.0553
17.0553
17.0553
17.0553
17.0553
17.0553
17.0553
17.0553
17.0553
17.0553
17.0553
17.0553
17.0553
17.0553
17.0553
17.0553
17.0553
17.0553
17.0553
17.0553
17.0553
17.0553
17.0553
17.0553
17.0553
17.0553
17.0553
17.0553
17.0553
17.0553
17.0553
17.0553
17.0553
17.0553
17.0553
17.0553
17.0553
17.0553
17.0553
17.0553
17.0553
17.0553
17.0553
17.0553
17.0553
17.0553
17.0553
17.0553
17.0553
17.0553
17.0553
17.0553
17.0553
17.0553
17.0553
17.0553
17.0553
17.0553
17.0553
17.0553
17.0553
17.0553
17.0553
17.0553
17.0553
17.0553
17.0553
17.0553
17.0553
17.0553
17.0553
17.0553
17.0553
17.0553
17.0553
17.0553
17.0553
17.0553
17.0553
17.0553
17.0553
17.0553
17.0553
17.0553
17.0553
17.0553
17.0553
17.0553
17.0553
17.0553
17.0553
17.0553
17.0553
17.0553
17.0553
17.0553
17.0553
17.0553
17.0553
17.0553
