0 - [ 15  5  2  17  1  13  10  11  3  16  ]
1 - [ 17  2  15  5  25  19  27  1  13  29  ]
2 - [ 47  25  2  15  5  17  41  45  39  19  ]
3 - [ 47  59  25  15  2  61  69  17  63  5  ]
4 - [ 47  59  80  94  82  90  84  69  61  25  ]
5 - [ 107  94  82  109  59  105  47  80  100  102  ]
6 - [ 109  47  121  59  137  139  133  80  123  129  ]
7 - [ 153  80  159  123  121  147  155  145  141  157  ]
8 - [ 123  145  147  177  173  163  171  169  165  141  ]
9 - [ 165  187  171  191  200  173  193  183  198  123  ]
10 - [ 206  165  173  198  187  222  123  214  183  216  ]
11 - [ 187  216  226  236  183  240  224  222  206  234  ]
12 - [ 234  259  248  261  187  216  246  250  224  256  ]
13 - [ 265  187  250  281  224  248  275  234  259  246  ]
14 - [ 281  303  297  224  187  275  248  285  234  259  ]
15 - [ 187  224  313  303  307  309  305  285  317  275  ]
16 - [ 224  344  285  338  309  275  334  333  329  187  ]
17 - [ 363  357  347  355  361  344  353  275  309  365  ]
18 - [ 369  385  383  353  309  275  355  347  361  371  ]
19 - [ 395  389  401  347  391  383  387  309  405  393  ]
20 - [ 426  387  383  411  395  391  424  418  420  409  ]
21 - [ 440  428  424  444  442  438  418  395  446  391  ]
22 - [ 442  456  418  458  454  446  424  462  395  391  ]
23 - [ 469  446  418  454  479  391  483  485  462  458  ]
24 - [ 497  503  469  454  479  446  501  495  493  491  ]
25 - [ 525  479  517  527  509  446  491  495  511  519  ]
26 - [ 479  519  446  527  495  539  517  529  511  525  ]
27 - [ 566  446  519  525  557  539  495  549  562  564  ]
28 - [ 495  549  566  585  525  576  572  589  570  587  ]
29 - [ 595  603  591  587  576  570  495  566  605  597  ]
30 - [ 591  595  603  623  576  570  566  621  617  611  ]
31 - [ 591  641  576  603  637  646  644  633  643  623  ]
32 - [ 668  646  644  576  662  658  643  652  641  623  ]
33 - [ 576  676  652  623  658  674  678  690  646  684  ]
34 - [ 676  707  690  705  674  576  699  623  703  652  ]
35 - [ 690  623  723  727  729  713  674  576  715  703  ]
36 - [ 703  752  747  715  743  674  741  729  713  739  ]
37 - [ 739  713  760  766  715  772  770  703  752  729  ]
38 - [ 788  715  778  786  792  729  772  703  784  770  ]
39 - [ 703  800  792  812  796  784  788  810  778  772  ]
40 - [ 824  812  816  810  796  772  832  826  820  703  ]
41 - [ 796  772  848  812  852  844  842  834  838  832  ]
42 - [ 796  856  834  862  858  873  860  870  812  838  ]
43 - [ 879  858  862  881  893  870  838  856  812  891  ]
44 - [ 901  881  910  838  893  903  856  862  908  870  ]
45 - [ 920  935  903  901  908  893  933  927  838  931  ]
46 - [ 949  933  935  939  943  920  951  927  956  908  ]
47 - [ 960  975  920  970  977  933  962  958  956  935  ]
48 - [ 995  983  985  920  989  956  981  987  979  970  ]
49 - [ 1015  956  1009  999  920  1005  995  1007  1017  1001  ]
50 - [ 1005  1007  1021  1019  1025  1029  1033  1023  1009  995  ]
51 - [ 1055  1019  1041  1023  1021  1039  1033  1005  1047  1049  ]
52 - [ 1065  1067  1063  1039  1041  1055  1059  1023  1047  1005  ]
53 - [ 1093  1065  1067  1081  1079  1087  1041  1095  1023  1039  ]
54 - [ 1107  1109  1099  1095  1115  1117  1113  1111  1079  1023  ]
55 - [ 1134  1095  1113  1129  1136  1121  1115  1127  1123  1107  ]
56 - [ 1146  1142  1148  1136  1121  1113  1134  1158  1107  1140  ]
57 - [ 1146  1168  1164  1158  1136  1113  1176  1121  1140  1174  ]
58 - [ 1192  1188  1190  1186  1197  1180  1184  1164  1168  1136  ]
59 - [ 1192  1201  1208  1204  1203  1207  1202  1136  1219  1180  ]
60 - [ 1192  1224  1223  1221  1201  1227  1208  1204  1228  1225  ]
61 - [ 1192  1241  1224  1257  1243  1223  1245  1221  1201  1256  ]
62 - [ 1192  1241  1264  1262  1224  1279  1266  1257  1268  1243  ]
63 - [ 1192  1282  1284  1241  1262  1286  1264  1296  1295  1293  ]
64 - [ 1192  1282  1304  1308  1302  1284  1241  1306  1310  1286  ]
65 - [ 1192  1282  1324  1326  1304  1322  1308  1328  1330  1334  ]
66 - [ 1192  1282  1342  1324  1346  1344  1348  1326  1304  1322  ]
67 - [ 1373  1192  1282  1368  1342  1346  1370  1324  1364  1344  ]
68 - [ 1373  1383  1398  1390  1192  1402  1368  1282  1342  1395  ]
69 - [ 1406  1373  1410  1408  1383  1398  1390  1192  1368  1412  ]
70 - [ 1426  1406  1428  1408  1383  1373  1410  1434  1436  1430  ]
71 - [ 1426  1406  1450  1428  1447  1373  1410  1460  1458  1452  ]
72 - [ 1406  1426  1468  1478  1487  1452  1472  1428  1460  1410  ]
73 - [ 1426  1468  1492  1406  1410  1506  1500  1487  1490  1502  ]
74 - [ 1492  1510  1512  1468  1406  1426  1514  1522  1502  1516  ]
75 - [ 1540  1406  1512  1530  1534  1426  1468  1492  1510  1522  ]
76 - [ 1512  1510  1553  1559  1540  1550  1563  1530  1565  1534  ]
77 - [ 1559  1565  1580  1584  1534  1582  1572  1586  1563  1553  ]
78 - [ 1582  1597  1584  1559  1595  1534  1609  1611  1603  1553  ]
79 - [ 1624  1628  1630  1613  1553  1582  1618  1603  1584  1609  ]
80 - [ 1648  1642  1553  1650  1630  1640  1582  1638  1624  1628  ]
81 - [ 1656  1662  1664  1668  1582  1628  1642  1670  1640  1672  ]
82 - [ 1675  1681  1683  1691  1689  1582  1664  1640  1679  1670  ]
83 - [ 1681  1699  1670  1709  1640  1691  1695  1679  1713  1582  ]
84 - [ 1731  1721  1709  1733  1582  1681  1699  1715  1691  1713  ]
85 - [ 1733  1713  1747  1739  1681  1721  1750  1715  1741  1752  ]
86 - [ 1733  1681  1739  1772  1713  1768  1770  1750  1721  1741  ]
87 - [ 1791  1733  1793  1795  1713  1721  1741  1786  1770  1789  ]
88 - [ 1807  1713  1789  1786  1791  1809  1741  1797  1770  1815  ]
89 - [ 1786  1807  1825  1815  1833  1823  1741  1789  1835  1827  ]
90 - [ 1853  1786  1837  1825  1839  1815  1835  1841  1827  1847  ]
91 - [ 1875  1866  1868  1837  1853  1870  1877  1872  1862  1815  ]
92 - [ 1872  1815  1880  1866  1837  1894  1862  1888  1896  1882  ]
93 - [ 1880  1888  1912  1908  1906  1902  1837  1866  1910  1862  ]
94 - [ 1932  1902  1866  1910  1880  1938  1837  1920  1922  1926  ]
95 - [ 1837  1942  1944  1922  1866  1956  1948  1910  1926  1940  ]
96 - [ 1974  1942  1968  1866  1960  1956  1962  1976  1944  1948  ]
97 - [ 1866  1942  1998  1948  1980  1984  1992  1968  1962  1986  ]
98 - [ 2000  1980  1948  1942  2019  1984  2006  2012  2010  2015  ]
99 - [ 1984  1942  2010  2006  2021  2035  2025  2012  2015  2029  ]
