17.4647
17.4806
17.4806
17.4806
17.4806
17.4806
17.4806
17.4806
17.4806
17.4806
17.4647
17.4647
17.4647
17.4661
17.4806
17.4806
17.4806
17.4806
17.4806
17.4806
17.4647
17.4647
17.4647
17.4647
17.4647
17.4661
17.4661
17.4806
17.4806
17.4806
17.4647
17.4647
17.4647
17.4647
17.4647
17.4647
17.4647
17.4647
17.4647
17.4661
17.4647
17.4647
17.4647
17.4647
17.4647
17.4647
17.4647
17.4647
17.4647
17.4647
17.4647
17.4647
17.4647
17.4647
17.4647
17.4647
17.4647
17.4647
17.4647
17.4647
17.4647
17.4647
17.4647
17.4647
17.4647
17.4647
17.4647
17.4647
17.4647
17.4647
17.4647
17.4647
17.4647
17.4647
17.4647
17.4647
17.4647
17.4647
17.4647
17.4647
17.4647
17.4647
17.4647
17.4647
17.4647
17.4647
17.4647
17.4647
17.4647
17.4647
17.4647
17.4647
17.4647
17.4647
17.4647
17.4647
17.4647
17.4647
17.4647
17.4647
17.4647
17.4647
17.4647
17.4647
17.4647
17.4647
17.4647
17.4647
17.4647
17.4647
17.4647
17.4647
17.4647
17.4647
17.4647
17.4647
17.4647
17.4647
17.4647
17.4647
17.4647
17.4647
17.4647
17.4647
17.4647
17.4647
17.4647
17.4647
17.4647
17.4647
17.4647
17.4647
17.4647
17.4647
17.4647
17.4647
17.4647
17.4647
17.4647
17.4647
17.4647
17.4647
17.4647
17.4647
17.4647
17.4647
17.4647
17.4647
17.4647
17.4647
17.0618
17.4647
17.4647
17.4647
17.4647
17.4647
17.4647
17.4647
17.4647
17.4647
17.0618
17.1448
17.1758
17.1855
17.3818
17.3818
17.4183
17.4647
17.4647
17.4647
17.0618
17.0658
17.1051
17.1448
17.1732
17.1746
17.1758
17.1855
17.2001
17.2177
17.0618
17.0658
17.0843
17.0895
17.0970
17.0981
17.1051
17.1155
17.1192
17.1197
17.0618
17.0618
17.0658
17.0724
17.0830
17.0843
17.0843
17.0895
17.0970
17.0970
17.0618
17.0618
17.0658
17.0684
17.0698
17.0724
17.0737
17.0803
17.0803
17.0830
17.0566
17.0579
17.0618
17.0618
17.0618
17.0632
17.0658
17.0671
17.0684
17.0684
17.0566
17.0579
17.0579
17.0618
17.0618
17.0618
17.0618
17.0632
17.0632
17.0632
17.0566
17.0579
17.0579
17.0579
17.0579
17.0618
17.0618
17.0618
17.0618
17.0618
17.0513
17.0513
17.0513
17.0540
17.0540
17.0553
17.0566
17.0579
17.0579
17.0579
17.0513
17.0513
17.0513
17.0513
17.0526
17.0526
17.0540
17.0540
17.0540
17.0553
17.0513
17.0513
17.0513
17.0513
17.0513
17.0513
17.0526
17.0526
17.0526
17.0526
17.0513
17.0513
17.0513
17.0513
17.0513
17.0513
17.0513
17.0513
17.0513
17.0513
17.0513
17.0513
17.0513
17.0513
17.0513
17.0513
17.0513
17.0513
17.0513
17.0513
17.0513
17.0513
17.0513
17.0513
17.0513
17.0513
17.0513
17.0513
17.0513
17.0513
17.0513
17.0513
17.0513
17.0513
17.0513
17.0513
17.0513
17.0513
17.0513
17.0513
16.6899
17.0513
17.0513
17.0513
17.0513
17.0513
17.0513
17.0513
17.0513
17.0513
16.6899
16.7649
17.0087
17.0513
17.0513
17.0513
17.0513
17.0513
17.0513
17.0513
16.6899
16.6899
16.7649
16.7649
16.7748
16.7849
16.7875
16.7987
16.8552
16.9763
16.6899
16.6899
16.7057
16.7096
16.7367
16.7491
16.7649
16.7649
16.7748
16.7748
16.6899
16.6899
16.6899
16.6912
16.7057
16.7057
16.7057
16.7070
16.7096
16.7116
16.6899
16.6899
16.6899
16.6899
16.6912
16.6918
16.6938
16.6938
16.6951
16.6958
16.6899
16.6899
16.6899
16.6899
16.6899
16.6899
16.6899
16.6912
16.6912
16.6918
16.6760
16.6760
16.6774
16.6774
16.6899
16.6899
16.6899
16.6899
16.6899
16.6899
16.6760
16.6760
16.6760
16.6760
16.6760
16.6760
16.6774
16.6774
16.6774
16.6787
16.6760
16.6760
16.6760
16.6760
16.6760
16.6760
16.6760
16.6760
16.6760
16.6760
16.6760
16.6760
16.6760
16.6760
16.6760
16.6760
16.6760
16.6760
16.6760
16.6760
16.6760
16.6760
16.6760
16.6760
16.6760
16.6760
16.6760
16.6760
16.6760
16.6760
16.6760
16.6760
16.6760
16.6760
16.6760
16.6760
16.6760
16.6760
16.6760
16.6760
16.6760
16.6760
16.6760
16.6760
16.6760
16.6760
16.6760
16.6760
16.6760
16.6760
16.3521
16.6760
16.6760
16.6760
16.6760
16.6760
16.6760
16.6760
16.6760
16.6760
16.3521
16.3535
16.4193
16.4573
16.6089
16.6441
16.6760
16.6760
16.6760
16.6760
16.3521
16.3535
16.3535
16.4073
16.4193
16.4193
16.4206
16.4345
16.4517
16.4573
16.3521
16.3535
16.3535
16.3535
16.3548
16.3641
16.3693
16.3832
16.4045
16.4073
16.3416
16.3469
16.3521
16.3535
16.3535
16.3535
16.3548
16.3548
16.3548
16.3561
16.3416
16.3416
16.3429
16.3469
16.3521
16.3535
16.3535
16.3535
16.3535
16.3548
16.3416
16.3416
16.3416
16.3429
16.3429
16.3429
16.3469
16.3469
16.3521
16.3535
16.3416
16.3416
16.3416
16.3429
16.3429
16.3429
16.3429
16.3429
16.3429
16.3429
16.3416
16.3416
16.3416
16.3416
16.3416
16.3429
16.3429
16.3429
16.3429
16.3429
16.3416
16.3416
16.3416
16.3416
16.3416
16.3416
16.3416
16.3416
16.3416
16.3416
16.3416
16.3416
16.3416
16.3416
16.3416
16.3416
16.3416
16.3416
16.3416
16.3416
16.3416
16.3416
16.3416
16.3416
16.3416
16.3416
16.3416
16.3416
16.3416
16.3416
16.3416
16.3416
16.3416
16.3416
16.3416
16.3416
16.3416
16.3416
16.3416
16.3416
16.3416
16.3416
16.3416
16.3416
16.3416
16.3416
16.3416
16.3416
16.3416
16.3416
16.3416
16.3416
16.3416
16.3416
16.3416
16.3416
16.3416
16.3416
16.3416
16.3416
16.3416
16.3416
16.3416
16.3416
16.3416
16.3416
16.3416
16.3416
16.3416
16.3416
16.3416
16.3416
16.3416
16.3416
16.3416
16.3416
16.3416
16.3416
16.3416
16.3416
16.3416
16.3416
16.3416
16.3416
16.3416
16.3416
16.3416
16.3416
16.3416
16.3416
16.3416
16.3416
16.3416
16.3416
16.3416
16.3416
16.3416
16.3416
16.3416
16.3416
16.3416
16.3416
16.3416
16.3416
16.3416
16.3416
16.3416
16.3416
16.3416
16.3416
16.3416
16.3416
16.3416
16.3416
16.3416
16.3416
16.3416
16.3416
16.3416
16.3416
16.3416
16.3416
16.3416
16.3416
16.3416
16.3416
16.3416
16.3416
16.3416
16.3416
16.3416
16.3416
16.3416
16.3416
16.3416
16.3416
16.3416
16.3416
16.3416
16.3416
16.3416
16.3416
16.3416
16.3416
16.3416
16.3416
16.3416
16.3416
16.3416
16.3416
16.3416
16.3416
16.3416
16.3416
16.3416
16.3416
16.3416
16.3416
16.3416
16.3416
16.3416
16.3416
16.3416
16.3416
16.3416
16.3416
16.3416
16.3416
16.3416
16.3416
16.3416
16.3416
16.3416
16.3416
16.3416
16.3416
16.3416
16.3416
16.3416
16.3416
16.3416
16.3416
16.3416
16.3416
16.3416
16.3416
16.3416
16.3416
16.3416
16.3416
16.3416
16.3416
16.3416
16.3416
16.3416
16.3416
16.3416
16.3416
16.3416
16.3416
16.3416
16.3416
16.3416
16.3416
16.3416
16.3416
16.3416
16.3416
16.3416
16.3416
16.3416
16.3416
16.3416
16.3416
16.3416
16.3416
16.3416
16.3416
16.3416
16.3416
16.3416
16.3416
16.3416
16.3416
16.3416
16.3416
16.3416
16.3416
16.3416
16.3416
16.3416
16.3416
16.3416
16.3416
16.3416
16.3416
16.3416
16.3416
16.3416
16.3416
16.3416
16.3416
16.3416
16.3416
16.3416
16.3416
16.3416
16.3416
16.3416
16.3416
16.3416
16.3416
16.3416
16.3416
16.3416
16.3416
16.3416
16.3416
16.3416
16.3416
16.3416
16.3416
16.3416
16.3416
16.3416
16.3416
16.3416
16.3416
16.3416
16.3416
16.3416
16.3416
16.3416
16.3416
16.3416
16.3416
16.3416
16.3416
16.3416
16.3416
16.0513
16.3416
16.3416
16.3416
16.3416
16.3416
16.3416
16.3416
16.3416
16.3416
16.0513
16.1105
16.3162
16.3416
16.3416
16.3416
16.3416
16.3416
16.3416
16.3416
16.0513
16.1067
16.1105
16.1430
16.1541
16.2824
16.2987
16.3120
16.3162
16.3212
16.0513
16.0618
16.1067
16.1093
16.1105
16.1211
16.1330
16.1418
16.1430
16.1541
16.0513
16.0618
16.0631
16.0777
16.0984
16.0987
16.1067
16.1093
16.1105
16.1106
16.0513
16.0513
16.0618
16.0618
16.0631
16.0705
16.0777
16.0783
16.0879
16.0885
16.0513
16.0513
16.0513
16.0513
16.0593
16.0618
16.0618
16.0618
16.0619
16.0631
16.0467
16.0513
16.0513
16.0513
16.0513
16.0513
16.0513
16.0526
16.0526
16.0593
16.0454
16.0467
16.0467
16.0513
16.0513
16.0513
16.0513
16.0513
16.0513
16.0513
16.0454
16.0454
16.0454
16.0467
16.0467
16.0467
16.0467
16.0467
16.0480
16.0513
15.7860
16.0454
16.0454
16.0454
16.0454
16.0467
16.0467
16.0467
16.0467
16.0467
15.7846
15.7860
15.8413
15.8525
16.0072
16.0281
16.0454
16.0454
16.0454
16.0454
15.7846
15.7860
15.8399
15.8413
15.8413
15.8525
15.8525
15.8697
15.8768
15.8780
15.6339
15.7702
15.7846
15.7860
15.8097
15.8281
15.8332
15.8357
15.8399
15.8413
15.6339
15.6339
15.6352
15.6734
15.7702
15.7821
15.7846
15.7860
15.7860
15.7860
15.6339
15.6339
15.6352
15.6352
15.6615
15.6615
15.6734
15.6734
15.6734
15.6941
15.6339
15.6339
15.6352
15.6352
15.6352
15.6419
15.6432
15.6477
15.6615
15.6615
15.6332
15.6339
15.6339
15.6352
15.6352
15.6352
15.6352
15.6352
15.6352
15.6352
