0 - [ 15  20  17  7  23  2  12  10  3  5  ]
1 - [ 35  26  15  25  2  10  28  46  17  3  ]
2 - [ 15  48  26  35  50  25  54  17  56  52  ]
3 - [ 70  48  78  26  35  76  15  74  50  82  ]
4 - [ 70  93  101  78  74  105  48  35  96  103  ]
5 - [ 105  70  130  35  134  103  48  118  126  78  ]
6 - [ 143  156  35  139  130  103  137  118  136  134  ]
7 - [ 143  178  35  158  130  160  137  175  163  165  ]
8 - [ 200  186  158  35  188  130  184  193  198  160  ]
9 - [ 223  130  158  193  160  209  218  184  221  207  ]
10 - [ 249  251  193  244  246  236  239  209  242  207  ]
11 - [ 236  209  269  242  251  262  244  264  260  239  ]
12 - [ 285  276  242  293  289  244  264  291  236  278  ]
13 - [ 300  299  291  302  278  316  314  244  285  293  ]
14 - [ 299  335  342  278  244  343  340  325  300  332  ]
15 - [ 353  332  361  335  300  278  351  349  343  342  ]
16 - [ 353  367  386  376  375  385  368  342  371  349  ]
17 - [ 353  387  394  367  388  393  386  376  389  391  ]
18 - [ 353  387  410  412  415  414  394  420  413  424  ]
19 - [ 431  353  387  433  435  410  437  412  432  415  ]
20 - [ 431  353  387  453  451  433  455  461  463  459  ]
21 - [ 487  478  353  431  473  476  387  474  453  485  ]
22 - [ 487  478  500  431  353  473  506  508  504  476  ]
23 - [ 487  500  524  478  526  473  353  506  530  431  ]
24 - [ 560  555  564  553  548  543  487  524  526  478  ]
25 - [ 560  564  555  568  566  570  548  553  572  543  ]
26 - [ 568  596  560  564  555  594  589  566  598  600  ]
27 - [ 611  613  615  564  594  596  560  620  622  555  ]
28 - [ 622  564  636  650  620  653  594  634  655  638  ]
29 - [ 655  675  636  677  660  667  620  594  653  669  ]
30 - [ 636  667  679  660  689  700  694  687  698  655  ]
31 - [ 702  714  707  718  703  667  720  698  636  655  ]
32 - [ 702  724  725  707  736  732  720  730  718  743  ]
33 - [ 702  756  724  745  747  755  748  758  752  757  ]
34 - [ 756  702  770  768  773  772  724  745  774  776  ]
35 - [ 756  702  791  790  793  798  770  795  768  796  ]
36 - [ 791  818  756  702  790  832  814  816  820  822  ]
37 - [ 756  839  818  702  841  837  791  846  790  857  ]
38 - [ 879  868  864  859  866  818  702  841  839  837  ]
39 - [ 868  882  879  884  881  895  886  859  864  888  ]
40 - [ 903  882  881  910  879  895  907  868  884  914  ]
41 - [ 882  903  881  926  868  932  936  941  907  884  ]
42 - [ 926  936  950  956  903  967  882  965  960  948  ]
43 - [ 960  986  971  980  973  936  903  965  976  989  ]
44 - [ 1002  960  1005  1011  903  989  1014  999  971  991  ]
45 - [ 1026  1030  1036  1038  991  989  1002  1024  1019  1021  ]
46 - [ 1026  1040  1041  1058  1057  1042  991  1059  1043  1053  ]
47 - [ 1026  1040  1061  1069  1041  1062  1064  1068  1082  1058  ]
48 - [ 1026  1088  1061  1040  1085  1083  1086  1089  1100  1069  ]
49 - [ 1108  1118  1026  1088  1040  1061  1110  1085  1112  1114  ]
50 - [ 1129  1108  1136  1118  1026  1088  1040  1133  1061  1138  ]
51 - [ 1129  1108  1151  1136  1155  1153  1118  1157  1026  1169  ]
52 - [ 1129  1108  1151  1174  1136  1178  1155  1175  1180  1187  ]
53 - [ 1200  1151  1198  1108  1129  1201  1178  1180  1215  1155  ]
54 - [ 1224  1226  1108  1222  1229  1200  1198  1151  1231  1129  ]
55 - [ 1222  1260  1200  1247  1256  1229  1226  1249  1231  1108  ]
56 - [ 1268  1200  1282  1264  1222  1256  1284  1272  1277  1247  ]
57 - [ 1277  1299  1247  1272  1291  1301  1297  1305  1200  1286  ]
58 - [ 1319  1301  1272  1286  1307  1200  1299  1291  1321  1309  ]
59 - [ 1329  1321  1336  1343  1301  1286  1349  1291  1319  1338  ]
60 - [ 1357  1364  1336  1362  1343  1371  1329  1321  1338  1369  ]
61 - [ 1382  1338  1378  1384  1364  1362  1369  1393  1371  1343  ]
62 - [ 1404  1412  1399  1414  1378  1369  1371  1406  1343  1384  ]
63 - [ 1412  1428  1384  1414  1418  1343  1404  1424  1378  1369  ]
64 - [ 1418  1443  1424  1457  1448  1455  1428  1451  1459  1440  ]
65 - [ 1465  1471  1451  1440  1463  1461  1424  1455  1457  1480  ]
66 - [ 1497  1501  1491  1451  1493  1471  1465  1424  1495  1461  ]
67 - [ 1451  1501  1505  1519  1509  1491  1525  1424  1523  1513  ]
68 - [ 1505  1536  1543  1533  1547  1545  1451  1525  1527  1523  ]
69 - [ 1533  1567  1527  1525  1523  1543  1451  1571  1569  1551  ]
70 - [ 1569  1588  1582  1594  1551  1523  1533  1590  1543  1577  ]
71 - [ 1614  1588  1551  1594  1600  1607  1569  1543  1609  1616  ]
72 - [ 1637  1616  1629  1594  1635  1543  1609  1631  1622  1639  ]
73 - [ 1622  1637  1629  1543  1635  1650  1646  1654  1594  1659  ]
74 - [ 1646  1684  1670  1654  1594  1675  1682  1680  1637  1673  ]
75 - [ 1700  1682  1673  1670  1696  1637  1690  1675  1684  1646  ]
76 - [ 1690  1727  1673  1714  1708  1720  1684  1675  1670  1696  ]
77 - [ 1675  1746  1736  1748  1673  1750  1744  1696  1708  1727  ]
78 - [ 1756  1763  1727  1758  1754  1744  1708  1772  1736  1748  ]
79 - [ 1736  1744  1748  1783  1775  1763  1754  1786  1727  1779  ]
80 - [ 1798  1811  1783  1736  1779  1754  1775  1748  1809  1815  ]
81 - [ 1783  1736  1815  1838  1827  1809  1811  1798  1775  1819  ]
82 - [ 1858  1819  1847  1736  1798  1783  1843  1838  1809  1852  ]
83 - [ 1858  1863  1864  1783  1882  1869  1875  1736  1847  1880  ]
84 - [ 1858  1885  1863  1893  1887  1892  1886  1888  1864  1889  ]
85 - [ 1858  1907  1885  1909  1863  1911  1908  1910  1893  1887  ]
86 - [ 1858  1907  1928  1930  1937  1936  1885  1909  1863  1932  ]
87 - [ 1948  1858  1950  1907  1928  1955  1930  1953  1951  1961  ]
88 - [ 1948  1972  1973  1858  1970  1975  1907  1950  1982  1928  ]
89 - [ 1997  1858  1948  1973  1994  1999  1972  1996  1992  1970  ]
90 - [ 2016  1997  2014  1999  1994  2018  1972  2026  1973  1948  ]
91 - [ 2037  2016  2048  2040  1997  2014  2036  2042  2039  2055  ]
92 - [ 2074  2048  2016  2064  2037  1997  2068  2036  2070  2040  ]
93 - [ 2084  2074  2082  2100  2099  2083  2091  2037  2087  2048  ]
94 - [ 2084  2074  2104  2082  2106  2100  2110  2121  2108  2123  ]
95 - [ 2145  2128  2084  2074  2126  2131  2132  2129  2104  2130  ]
96 - [ 2145  2151  2150  2152  2128  2153  2084  2074  2155  2157  ]
97 - [ 2151  2145  2176  2150  2172  2174  2178  2152  2177  2185  ]
98 - [ 2145  2151  2176  2200  2150  2194  2198  2196  2172  2174  ]
99 - [ 2225  2151  2145  2215  2176  2218  2217  2223  2200  2221  ]
