1.9965	838.1000	1.9965	838.1000	1.9965	838.1000	
1.9965	838.1000	1.9965	838.1000	1.9965	838.1000	
1.9965	838.1000	1.9965	838.1000	1.9965	838.1000	
1.9965	838.1000	1.9965	838.1000	1.9888	838.1000	
1.9888	838.1000	1.9888	838.1000	1.9888	838.1000	
1.9888	838.1000	1.9888	838.1000	1.9888	838.1000	
1.9888	838.1000	1.9888	838.1000	1.9888	838.1000	
1.9888	838.1000	1.9888	838.1000	1.9888	838.1000	
1.9888	838.1000	1.9888	838.1000	1.9888	838.1000	
1.9888	838.1000	1.9888	838.1000	1.9888	838.1000	
1.9888	838.1000	1.9888	838.1000	1.9888	838.1000	
1.9888	838.1000	1.9888	838.1000	1.9888	838.1000	
1.9888	838.1000	1.9888	838.1000	1.9888	838.1000	
1.9888	838.1000	1.9888	838.1000	1.9888	838.1000	
1.9888	838.1000	1.9888	838.1000	1.9888	838.1000	
1.9888	838.1000	1.9888	838.1000	1.9888	838.1000	
1.9888	838.1000	1.9888	838.1000	1.9888	838.1000	
1.9888	838.1000	1.9888	838.1000	1.9888	838.1000	
1.9888	838.1000	1.9888	838.1000	1.9888	838.1000	
1.9888	838.1000	1.9888	838.1000	1.9888	838.1000	
1.9888	838.1000	1.9888	838.1000	1.9888	838.1000	
1.9888	838.1000	1.9888	838.1000	1.9888	838.1000	
1.9888	838.1000	1.9888	838.1000	1.9888	838.1000	
1.9888	838.1000	1.9888	838.1000	1.9888	838.1000	
1.9888	838.1000	1.9888	838.1000	1.9888	838.1000	
1.9888	838.1000	1.9888	838.1000	1.9888	838.1000	
1.9888	838.1000	1.9888	838.1000	1.9888	838.1000	
1.9888	838.1000	1.9888	838.1000	1.9888	838.1000	
1.9888	838.1000	1.9888	838.1000	1.9888	838.1000	
1.9888	838.1000	1.9888	838.1000	1.9888	838.1000	
1.9888	838.1000	1.9888	838.1000	1.9888	838.1000	
1.9888	838.1000	1.9888	838.1000	1.9888	838.1000	
1.9888	838.1000	1.9888	838.1000	1.9888	838.1000	
1.9888	838.1000	1.9888	838.1000	1.9888	838.1000	
1.9888	838.1000	1.9888	838.1000	1.9888	838.1000	
1.9888	838.1000	1.9888	838.1000	1.9888	838.1000	
1.9888	838.1000	1.9888	838.1000	1.9888	838.1000	
1.9888	838.1000	1.9888	838.1000	1.9888	838.1000	
1.9888	838.1000	1.9888	838.1000	1.9888	838.1000	
1.9888	838.1000	1.9888	838.1000	1.9888	838.1000	
1.9888	838.1000	1.9888	838.1000	1.9888	838.1000	
1.9888	838.1000	1.9888	838.1000	1.9888	838.1000	
1.9888	838.1000	1.9888	838.1000	1.9888	838.1000	
1.9888	838.1000	1.9888	838.1000	1.9888	838.1000	
1.9888	838.1000	1.9888	838.1000	1.9888	838.1000	
1.9888	838.1000	1.9888	838.1000	1.9888	838.1000	
1.9888	838.1000	1.9888	838.1000	1.9888	838.1000	
1.9888	838.1000	1.9888	838.1000	1.9888	838.1000	
1.9888	838.1000	1.9888	838.1000	1.9888	838.1000	
1.9888	838.1000	1.9888	838.1000	1.9888	838.1000	
1.9888	838.1000	1.9888	838.1000	1.9888	838.1000	
1.9888	838.1000	1.9888	838.1000	1.9888	838.1000	
1.9888	838.1000	1.9888	838.1000	1.9888	838.1000	
1.9888	838.1000	1.9888	838.1000	1.9888	838.1000	
1.9888	838.1000	1.9888	838.1000	1.9888	838.1000	
1.9888	838.1000	1.9888	838.1000	1.9888	838.1000	
1.9888	838.1000	1.9888	838.1000	1.9888	838.1000	
1.9888	838.1000	1.9888	838.1000	1.9888	838.1000	
1.9888	838.1000	1.9888	838.1000	1.9888	838.1000	
1.9888	838.1000	1.9888	838.1000	1.9888	838.1000	
1.9888	838.1000	1.9888	838.1000	1.9888	838.1000	
1.9888	838.1000	1.9888	838.1000	1.9888	838.1000	
1.9888	838.1000	1.9888	838.1000	1.9888	838.1000	
1.9888	838.1000	1.9888	838.1000	1.9888	838.1000	
1.9888	838.1000	1.9888	838.1000	1.9888	838.1000	
1.9888	838.1000	1.9888	838.1000	1.9888	838.1000	
1.9888	838.1000	1.9888	838.1000	1.9888	838.1000	
1.9888	838.1000	1.9888	838.1000	1.9888	838.1000	
1.9888	838.1000	1.9888	838.1000	1.9888	838.1000	
1.9888	838.1000	1.9888	838.1000	1.9888	838.1000	
1.9888	838.1000	1.9888	838.1000	1.9888	838.1000	
1.9888	838.1000	1.9888	838.1000	1.9888	838.1000	
1.9888	838.1000	1.9888	838.1000	1.9888	838.1000	
1.9888	838.1000	1.9888	838.1000	1.9888	838.1000	
1.9888	838.1000	1.9888	838.1000	1.9888	838.1000	
1.9888	838.1000	1.9888	838.1000	1.9888	838.1000	
1.9888	838.1000	1.9888	838.1000	1.9888	838.1000	
1.9888	838.1000	1.9888	838.1000	1.9888	838.1000	
1.9888	838.1000	1.9888	838.1000	1.9888	838.1000	
1.9888	838.1000	1.9888	838.1000	1.9888	838.1000	
1.9888	838.1000	1.9888	838.1000	1.9888	838.1000	
1.9888	838.1000	1.9888	838.1000	1.9888	838.1000	
1.9888	838.1000	1.9888	838.1000	1.9888	838.1000	
1.9888	838.1000	1.9888	838.1000	1.9888	838.1000	
1.9888	838.1000	1.9888	838.1000	1.9888	838.1000	
1.9888	838.1000	1.9888	838.1000	1.9888	838.1000	
1.9888	838.1000	1.9888	838.1000	1.9888	838.1000	
1.9888	838.1000	1.9888	838.1000	1.9888	838.1000	
1.9888	838.1000	1.9888	838.1000	1.9888	838.1000	
1.9888	838.1000	1.9888	838.1000	1.9888	838.1000	
1.9888	838.1000	1.9888	838.1000	1.9888	838.1000	
1.9888	838.1000	1.9888	838.1000	1.9888	838.1000	
1.9888	838.1000	1.9888	838.1000	1.9888	838.1000	
1.9888	838.1000	1.9888	838.1000	1.9888	838.1000	
1.9888	838.1000	1.9888	838.1000	1.9888	838.1000	
1.9888	838.1000	1.9888	838.1000	1.9888	838.1000	
1.9888	838.1000	1.9888	838.1000	1.9888	838.1000	
1.9888	838.1000	1.9888	838.1000	1.9888	838.1000	
1.9888	838.1000	1.9888	838.1000	1.9888	838.1000	
1.9888	838.1000	1.9888	838.1000	1.9888	838.1000	
