0 - [ 9  5  5  ]
1 - [ 5  16  5  12  5  5  9  11  9  14  ]
2 - [ 9  9  5  11  5  24  12  5  30  5  ]
3 - [ 9  5  30  5  50  5  30  24  24  5  ]
4 - [ 30  24  68  24  78  30  30  24  24  30  ]
5 - [ 24  24  30  24  30  30  30  30  24  30  ]
6 - [ 30  30  30  30  30  30  30  30  30  30  ]
7 - [ 30  30  30  30  30  30  30  30  30  30  ]
8 - [ 30  30  30  30  30  30  30  30  30  30  ]
9 - [ 30  30  30  30  30  30  30  30  30  30  ]
10 - [ 30  30  30  30  30  30  30  30  30  30  ]
11 - [ 30  30  30  30  30  30  30  30  30  30  ]
12 - [ 30  30  30  30  30  30  30  30  30  30  ]
13 - [ 30  30  30  30  30  30  30  30  30  30  ]
14 - [ 30  30  30  30  30  30  30  30  30  30  ]
15 - [ 30  30  30  30  30  30  30  30  30  30  ]
16 - [ 30  30  30  30  30  30  30  30  30  30  ]
17 - [ 30  30  30  30  30  30  30  30  30  30  ]
18 - [ 30  30  30  30  30  30  30  30  30  30  ]
19 - [ 30  30  30  30  30  30  30  30  30  30  ]
20 - [ 30  30  30  30  30  30  30  30  30  30  ]
21 - [ 30  30  30  30  30  30  30  30  30  30  ]
22 - [ 30  30  30  30  30  30  30  30  30  30  ]
23 - [ 30  30  30  30  30  30  30  30  30  30  ]
24 - [ 30  30  30  30  30  30  30  30  30  30  ]
25 - [ 30  30  30  30  30  30  30  30  30  30  ]
26 - [ 30  30  30  30  30  30  30  30  30  30  ]
27 - [ 30  30  30  30  30  30  30  30  30  30  ]
28 - [ 30  30  30  30  30  30  30  30  30  30  ]
29 - [ 30  30  30  30  30  30  30  30  30  30  ]
30 - [ 30  30  30  30  30  30  30  30  30  30  ]
31 - [ 30  30  30  30  30  30  30  30  30  30  ]
32 - [ 30  30  30  30  30  30  30  30  30  30  ]
33 - [ 30  30  30  30  30  30  30  30  30  30  ]
34 - [ 30  30  30  30  30  30  30  30  30  30  ]
35 - [ 30  30  30  30  30  30  30  30  30  30  ]
36 - [ 30  30  30  30  30  30  30  30  30  30  ]
37 - [ 30  30  30  30  30  30  30  30  30  30  ]
38 - [ 30  30  30  30  30  30  30  30  30  30  ]
39 - [ 30  30  30  30  30  30  30  30  30  30  ]
40 - [ 30  30  30  30  30  30  30  30  30  30  ]
41 - [ 30  30  30  30  30  30  30  30  30  30  ]
42 - [ 30  30  30  30  30  30  30  30  30  30  ]
43 - [ 30  30  30  30  30  30  30  30  30  30  ]
44 - [ 30  30  30  30  30  30  30  30  30  30  ]
45 - [ 30  30  30  30  30  30  30  30  30  30  ]
46 - [ 30  30  30  30  30  30  30  30  30  30  ]
47 - [ 30  30  30  30  30  30  30  30  30  30  ]
48 - [ 30  30  30  30  30  30  30  30  30  30  ]
49 - [ 30  30  30  30  30  30  30  30  30  30  ]
50 - [ 30  30  30  30  30  30  30  30  30  30  ]
51 - [ 30  30  30  30  30  30  30  30  30  30  ]
52 - [ 30  30  30  30  30  30  30  30  30  30  ]
53 - [ 30  30  30  30  30  30  30  30  30  30  ]
54 - [ 30  30  30  30  30  30  30  30  30  30  ]
55 - [ 30  30  30  30  30  30  30  30  30  30  ]
56 - [ 30  30  30  30  30  30  30  30  30  30  ]
57 - [ 30  30  30  30  30  30  30  30  30  30  ]
58 - [ 30  30  30  30  30  30  30  30  30  30  ]
59 - [ 30  30  30  30  30  30  30  30  30  30  ]
60 - [ 30  30  30  30  30  30  30  30  30  30  ]
61 - [ 30  30  30  30  30  30  30  30  30  30  ]
62 - [ 30  30  30  30  30  30  30  30  30  30  ]
63 - [ 30  30  30  30  30  30  30  30  30  30  ]
64 - [ 30  30  30  30  30  30  30  30  30  30  ]
65 - [ 30  30  30  30  30  30  30  30  30  30  ]
66 - [ 30  30  30  30  30  30  30  30  30  30  ]
67 - [ 30  30  30  30  30  30  30  30  30  30  ]
68 - [ 30  30  30  30  30  30  30  30  30  30  ]
69 - [ 30  30  30  30  30  30  30  30  30  30  ]
70 - [ 30  30  30  30  30  30  30  30  30  30  ]
71 - [ 30  30  30  30  30  30  30  30  30  30  ]
72 - [ 30  30  30  30  30  30  30  30  30  30  ]
73 - [ 30  30  30  30  30  30  30  30  30  30  ]
74 - [ 30  30  30  30  30  30  30  30  30  30  ]
75 - [ 30  30  30  30  30  30  30  30  30  30  ]
76 - [ 30  30  30  30  30  30  30  30  30  30  ]
77 - [ 30  30  30  30  30  30  30  30  30  30  ]
78 - [ 30  30  30  30  30  30  30  30  30  30  ]
79 - [ 30  30  30  30  30  30  30  30  30  30  ]
80 - [ 30  30  30  30  30  30  30  30  30  30  ]
81 - [ 30  30  30  30  30  30  30  30  30  30  ]
82 - [ 30  30  30  30  30  30  30  30  30  30  ]
83 - [ 30  30  30  30  30  30  30  30  30  30  ]
84 - [ 30  30  30  30  30  30  30  30  30  30  ]
85 - [ 30  30  30  30  30  30  30  30  30  30  ]
86 - [ 30  30  30  30  30  30  30  30  30  30  ]
87 - [ 30  30  30  30  30  30  30  30  30  30  ]
88 - [ 30  30  30  30  30  30  30  30  30  30  ]
89 - [ 30  30  30  30  30  30  30  30  30  30  ]
90 - [ 30  30  30  30  30  30  30  30  30  30  ]
91 - [ 30  30  30  30  30  30  30  30  30  30  ]
92 - [ 30  30  30  30  30  30  30  30  30  30  ]
93 - [ 30  30  30  30  30  30  30  30  30  30  ]
94 - [ 30  30  30  30  30  30  30  30  30  30  ]
95 - [ 30  30  30  30  30  30  30  30  30  30  ]
96 - [ 30  30  30  30  30  30  30  30  30  30  ]
97 - [ 30  30  30  30  30  30  30  30  30  30  ]
98 - [ 30  30  30  30  30  30  30  30  30  30  ]
99 - [ 30  30  30  30  30  30  30  30  30  30  ]
