0 - [ 1  ]
1 - [ 1  ]
2 - [ 2  ]
3 - [ 2  ]
4 - [ 2  ]
5 - [ 5  ]
6 - [ 5  ]
7 - [ 5  ]
8 - [ 5  ]
9 - [ 5  ]
10 - [ 5  ]
11 - [ 11  ]
12 - [ 11  ]
13 - [ 11  ]
14 - [ 11  ]
15 - [ 11  ]
16 - [ 11  ]
17 - [ 11  ]
18 - [ 11  ]
19 - [ 11  ]
20 - [ 11  ]
21 - [ 11  ]
22 - [ 11  ]
23 - [ 11  ]
24 - [ 11  ]
25 - [ 11  ]
26 - [ 11  ]
27 - [ 11  ]
28 - [ 11  ]
29 - [ 11  ]
30 - [ 11  ]
31 - [ 11  ]
32 - [ 11  1454  ]
33 - [ 1454  11  ]
34 - [ 1454  11  ]
35 - [ 1454  11  ]
36 - [ 11  1454  ]
37 - [ 1454  11  ]
38 - [ 1454  11  ]
39 - [ 1454  11  ]
40 - [ 1454  11  ]
41 - [ 1454  11  ]
42 - [ 1454  11  ]
43 - [ 1454  11  ]
44 - [ 11  1454  ]
45 - [ 1454  11  ]
46 - [ 1454  11  ]
47 - [ 11  1454  ]
48 - [ 1454  11  ]
49 - [ 1454  11  ]
50 - [ 11  1454  ]
51 - [ 11  1454  ]
52 - [ 1454  11  ]
53 - [ 11  1454  ]
54 - [ 1454  11  ]
55 - [ 1454  11  ]
56 - [ 11  1454  ]
57 - [ 1454  11  ]
58 - [ 11  1454  ]
59 - [ 1454  11  ]
60 - [ 1454  11  ]
61 - [ 11  1454  ]
62 - [ 1454  11  ]
63 - [ 1454  11  ]
64 - [ 1486  11  ]
65 - [ 1486  11  ]
66 - [ 1486  11  ]
67 - [ 1486  1489  ]
68 - [ 1486  1489  ]
69 - [ 1489  1486  ]
70 - [ 1486  1489  ]
71 - [ 1486  1489  ]
72 - [ 1486  1489  ]
73 - [ 1489  1486  ]
74 - [ 1489  1486  ]
75 - [ 1489  1486  ]
76 - [ 1486  1489  ]
77 - [ 1489  1486  ]
78 - [ 1486  1489  ]
79 - [ 1489  1486  ]
80 - [ 1486  1489  ]
81 - [ 1489  1486  ]
82 - [ 1486  1489  ]
83 - [ 1489  1486  ]
84 - [ 1489  1486  ]
85 - [ 1489  1486  ]
86 - [ 1486  1489  ]
87 - [ 1486  1489  ]
88 - [ 1489  1486  ]
89 - [ 1489  1486  ]
90 - [ 1486  1489  ]
91 - [ 1486  1489  ]
92 - [ 1486  1489  ]
93 - [ 1489  1486  ]
94 - [ 1489  1486  ]
95 - [ 1486  1489  ]
96 - [ 1489  1486  ]
97 - [ 1486  1489  ]
98 - [ 1489  1486  ]
99 - [ 1489  1486  ]
100 - [ 1489  1522  ]
101 - [ 1522  1489  ]
102 - [ 1489  1522  ]
103 - [ 1522  1489  ]
104 - [ 1489  1522  ]
105 - [ 1522  1489  ]
106 - [ 1489  1522  ]
107 - [ 1522  1489  ]
108 - [ 1522  1489  ]
109 - [ 1489  1522  ]
110 - [ 1522  1489  ]
111 - [ 1522  1489  ]
112 - [ 1489  1522  ]
113 - [ 1522  1489  ]
114 - [ 1489  1522  ]
115 - [ 1522  1489  ]
116 - [ 1522  1489  ]
117 - [ 1522  1489  ]
118 - [ 1489  1522  ]
119 - [ 1489  1522  ]
120 - [ 1522  1489  ]
121 - [ 1489  1522  ]
122 - [ 1489  1522  ]
123 - [ 1489  1522  ]
124 - [ 1522  1489  ]
125 - [ 1522  1489  ]
126 - [ 1522  1489  ]
127 - [ 1489  1522  ]
128 - [ 1522  1489  ]
129 - [ 1489  1522  ]
130 - [ 1522  1489  ]
131 - [ 1489  1522  ]
132 - [ 1522  1489  ]
133 - [ 1522  1489  ]
134 - [ 1489  1522  ]
135 - [ 1522  1489  ]
136 - [ 1522  1489  ]
137 - [ 1489  1522  ]
138 - [ 1522  1489  ]
139 - [ 1522  1489  ]
140 - [ 1489  1522  ]
141 - [ 1489  1522  ]
142 - [ 1522  1489  ]
143 - [ 1489  1522  ]
144 - [ 1489  1522  ]
145 - [ 1522  1489  ]
146 - [ 1489  1522  ]
147 - [ 1489  1522  ]
148 - [ 1522  1489  ]
149 - [ 1522  1489  ]
150 - [ 1489  1522  ]
151 - [ 1489  1522  ]
152 - [ 1489  1522  ]
153 - [ 1522  1489  ]
154 - [ 1522  1489  ]
155 - [ 1522  1489  ]
156 - [ 1522  1489  ]
157 - [ 1489  1522  ]
158 - [ 1489  1522  ]
159 - [ 1489  1522  ]
160 - [ 1489  1522  ]
161 - [ 1489  1522  ]
162 - [ 1489  1522  ]
163 - [ 1522  1489  ]
164 - [ 1489  1522  ]
165 - [ 1489  1522  ]
166 - [ 1489  1522  ]
167 - [ 1489  1522  ]
168 - [ 1489  1522  ]
169 - [ 1489  1522  ]
170 - [ 1522  1489  ]
171 - [ 1489  1522  ]
172 - [ 1489  1522  ]
173 - [ 1522  1489  ]
174 - [ 1522  1489  ]
175 - [ 1489  1522  ]
176 - [ 1522  1489  ]
177 - [ 1489  1522  ]
178 - [ 1489  1522  ]
179 - [ 1489  1522  ]
180 - [ 1489  1522  ]
181 - [ 1522  1489  ]
182 - [ 1489  1522  ]
183 - [ 1522  1489  ]
184 - [ 1522  1489  ]
185 - [ 1522  1489  ]
186 - [ 1522  1489  ]
187 - [ 1522  1489  ]
188 - [ 1522  1489  ]
189 - [ 1489  1522  ]
190 - [ 1489  1522  ]
191 - [ 1489  1522  ]
192 - [ 1489  1522  ]
193 - [ 1522  1489  ]
194 - [ 1522  1489  ]
195 - [ 1522  1489  ]
196 - [ 1489  1522  ]
197 - [ 1522  1489  ]
198 - [ 1522  1489  ]
199 - [ 1489  1522  ]
200 - [ 1522  1489  ]
201 - [ 1489  1522  ]
202 - [ 1522  1489  ]
203 - [ 1522  1489  ]
204 - [ 1522  1489  ]
205 - [ 1489  1522  ]
206 - [ 1489  1522  ]
207 - [ 1522  1489  ]
208 - [ 1522  1489  ]
209 - [ 1489  1522  ]
210 - [ 1522  1489  ]
211 - [ 1522  1489  ]
212 - [ 1522  1489  ]
213 - [ 1489  1522  ]
214 - [ 1489  1522  ]
215 - [ 1522  1489  ]
216 - [ 1489  1522  ]
217 - [ 1522  1489  ]
218 - [ 1522  1489  ]
219 - [ 1522  1489  ]
220 - [ 1489  1522  ]
221 - [ 1522  1489  ]
222 - [ 1489  1522  ]
223 - [ 1489  1522  ]
224 - [ 1489  1522  ]
225 - [ 1489  1522  ]
226 - [ 1522  1489  ]
227 - [ 1489  1522  ]
228 - [ 1522  1489  ]
229 - [ 1522  1489  ]
230 - [ 1522  1489  ]
231 - [ 1489  1522  ]
232 - [ 1489  1522  ]
233 - [ 1522  1489  ]
234 - [ 1522  1489  ]
235 - [ 1489  1522  ]
236 - [ 1522  1489  ]
237 - [ 1522  1489  ]
238 - [ 1489  1522  ]
239 - [ 1522  1489  ]
240 - [ 1489  1522  ]
241 - [ 1522  1489  ]
242 - [ 1489  1522  ]
243 - [ 1489  1522  ]
244 - [ 1522  1489  ]
245 - [ 1489  1522  ]
246 - [ 1522  1489  ]
247 - [ 1522  1489  ]
248 - [ 1522  1489  ]
249 - [ 1489  1522  ]
250 - [ 1522  1489  ]
251 - [ 1522  1489  ]
252 - [ 1522  1489  ]
253 - [ 1522  1489  ]
254 - [ 1522  1489  ]
255 - [ 1522  1489  ]
256 - [ 1522  1489  ]
257 - [ 1489  1522  ]
258 - [ 1522  1489  ]
259 - [ 1489  1522  ]
260 - [ 1489  1522  ]
261 - [ 1522  1489  ]
262 - [ 1522  1489  ]
263 - [ 1522  1489  ]
264 - [ 1489  1522  ]
265 - [ 1522  1489  ]
266 - [ 1489  1522  ]
267 - [ 1489  1522  ]
268 - [ 1522  1489  ]
269 - [ 1522  1489  ]
270 - [ 1489  1522  ]
271 - [ 1489  1522  ]
272 - [ 1522  1489  ]
273 - [ 1522  1489  ]
274 - [ 1522  1489  ]
275 - [ 1697  1489  ]
276 - [ 1697  1489  ]
277 - [ 1697  1489  ]
278 - [ 1489  1697  ]
279 - [ 1697  1489  ]
280 - [ 1697  1489  ]
281 - [ 1489  1697  ]
282 - [ 1697  1489  ]
283 - [ 1697  1489  ]
284 - [ 1697  1489  ]
285 - [ 1697  1489  ]
286 - [ 1489  1697  ]
287 - [ 1489  1697  ]
288 - [ 1697  1489  ]
289 - [ 1697  1489  ]
290 - [ 1697  1489  ]
291 - [ 1489  1697  ]
292 - [ 1489  1697  ]
293 - [ 1697  1489  ]
294 - [ 1697  1489  ]
295 - [ 1697  1489  ]
296 - [ 1489  1697  ]
297 - [ 1697  1489  ]
298 - [ 1697  1489  ]
299 - [ 1489  1697  ]
300 - [ 1489  1697  ]
301 - [ 1489  1697  ]
302 - [ 1697  1489  ]
303 - [ 1697  1489  ]
304 - [ 1697  1489  ]
305 - [ 1489  1697  ]
306 - [ 1697  1489  ]
307 - [ 1697  1489  ]
308 - [ 1489  1697  ]
309 - [ 1697  1489  ]
310 - [ 1489  1697  ]
311 - [ 1697  1489  ]
312 - [ 1489  1697  ]
313 - [ 1697  1489  ]
314 - [ 1697  1489  ]
315 - [ 1697  1489  ]
316 - [ 1489  1697  ]
317 - [ 1697  1489  ]
318 - [ 1697  1489  ]
319 - [ 1741  1489  ]
320 - [ 1741  1489  ]
321 - [ 1489  1741  ]
322 - [ 1741  1489  ]
323 - [ 1489  1741  ]
324 - [ 1741  1489  ]
325 - [ 1489  1741  ]
326 - [ 1489  1741  ]
327 - [ 1489  1741  ]
328 - [ 1489  1741  ]
329 - [ 1489  1741  ]
330 - [ 1741  1489  ]
331 - [ 1489  1741  ]
332 - [ 1489  1741  ]
333 - [ 1489  1741  ]
334 - [ 1489  1741  ]
335 - [ 1741  1489  ]
336 - [ 1741  1489  ]
337 - [ 1489  1741  ]
338 - [ 1741  1489  ]
339 - [ 1741  1489  ]
340 - [ 1741  1489  ]
341 - [ 1489  1741  ]
342 - [ 1489  1741  ]
343 - [ 1489  1741  ]
344 - [ 1489  1741  ]
345 - [ 1489  1741  ]
346 - [ 1489  1741  ]
347 - [ 1741  1489  ]
348 - [ 1489  1741  ]
349 - [ 1741  1489  ]
350 - [ 1489  1741  ]
351 - [ 1489  1741  ]
352 - [ 1741  1489  ]
353 - [ 1741  1489  ]
354 - [ 1741  1489  ]
355 - [ 1741  1489  ]
356 - [ 1741  1489  ]
357 - [ 1489  1741  ]
358 - [ 1489  1741  ]
359 - [ 1741  1489  ]
360 - [ 1489  1741  ]
361 - [ 1489  1741  ]
362 - [ 1489  1741  ]
363 - [ 1741  1489  ]
364 - [ 1741  1489  ]
365 - [ 1489  1741  ]
366 - [ 1489  1741  ]
367 - [ 1741  1489  ]
368 - [ 1489  1741  ]
369 - [ 1489  1741  ]
370 - [ 1741  1489  ]
371 - [ 1741  1489  ]
372 - [ 1489  1741  ]
373 - [ 1741  1489  ]
374 - [ 1489  1741  ]
375 - [ 1741  1489  ]
376 - [ 1741  1489  ]
377 - [ 1741  1489  ]
378 - [ 1741  1489  ]
379 - [ 1741  1489  ]
380 - [ 1489  1741  ]
381 - [ 1489  1741  ]
382 - [ 1489  1741  ]
383 - [ 1489  1741  ]
384 - [ 1741  1489  ]
385 - [ 1489  1741  ]
386 - [ 1741  1489  ]
387 - [ 1741  1489  ]
388 - [ 1489  1741  ]
389 - [ 1741  1489  ]
390 - [ 1741  1489  ]
391 - [ 1489  1741  ]
392 - [ 1741  1489  ]
393 - [ 1489  1741  ]
394 - [ 1741  1489  ]
395 - [ 1741  1489  ]
396 - [ 1741  1489  ]
397 - [ 1489  1741  ]
398 - [ 1741  1489  ]
399 - [ 1489  1741  ]
400 - [ 1741  1489  ]
401 - [ 1489  1741  ]
402 - [ 1489  1741  ]
403 - [ 1489  1741  ]
404 - [ 1741  1489  ]
405 - [ 1489  1741  ]
406 - [ 1741  1489  ]
407 - [ 1489  1741  ]
408 - [ 1741  1489  ]
409 - [ 1489  1741  ]
410 - [ 1741  1489  ]
411 - [ 1489  1741  ]
412 - [ 1741  1489  ]
413 - [ 1741  1489  ]
414 - [ 1489  1741  ]
415 - [ 1489  1741  ]
416 - [ 1741  1489  ]
417 - [ 1489  1741  ]
418 - [ 1489  1741  ]
419 - [ 1741  1489  ]
420 - [ 1489  1741  ]
421 - [ 1741  1489  ]
422 - [ 1489  1741  ]
423 - [ 1741  1489  ]
424 - [ 1489  1741  ]
425 - [ 1741  1489  ]
426 - [ 1741  1489  ]
427 - [ 1489  1741  ]
428 - [ 1489  1741  ]
429 - [ 1741  1489  ]
430 - [ 1741  1489  ]
431 - [ 1489  1741  ]
432 - [ 1741  1489  ]
433 - [ 1489  1741  ]
434 - [ 1741  1489  ]
435 - [ 1489  1741  ]
436 - [ 1741  1489  ]
437 - [ 1489  1741  ]
438 - [ 1489  1741  ]
439 - [ 1489  1741  ]
440 - [ 1489  1741  ]
441 - [ 1741  1489  ]
442 - [ 1489  1741  ]
443 - [ 1489  1741  ]
444 - [ 1489  1741  ]
445 - [ 1741  1489  ]
446 - [ 1489  1741  ]
447 - [ 1489  1741  ]
448 - [ 1741  1489  ]
449 - [ 1741  1489  ]
450 - [ 1872  ]
451 - [ 1872  ]
452 - [ 1872  ]
453 - [ 1872  ]
454 - [ 1872  ]
455 - [ 1872  ]
456 - [ 1872  ]
457 - [ 1872  ]
458 - [ 1872  ]
459 - [ 1872  ]
460 - [ 1872  ]
461 - [ 1872  ]
462 - [ 1872  ]
463 - [ 1872  ]
464 - [ 1872  ]
465 - [ 1872  ]
466 - [ 1872  ]
467 - [ 1872  ]
468 - [ 1872  ]
469 - [ 1872  ]
470 - [ 1872  ]
471 - [ 1872  ]
472 - [ 1872  ]
473 - [ 1872  ]
474 - [ 1872  ]
475 - [ 1872  ]
476 - [ 1872  ]
477 - [ 1872  ]
478 - [ 1872  ]
479 - [ 1872  ]
480 - [ 1872  ]
481 - [ 1872  ]
482 - [ 1872  ]
483 - [ 1872  ]
484 - [ 1872  ]
485 - [ 1872  ]
486 - [ 1872  ]
487 - [ 1872  ]
488 - [ 1872  ]
489 - [ 1872  ]
490 - [ 1872  ]
491 - [ 1872  ]
492 - [ 1872  ]
493 - [ 1872  ]
494 - [ 1872  ]
495 - [ 1872  ]
496 - [ 1872  ]
497 - [ 1872  ]
498 - [ 1872  ]
499 - [ 1872  ]
500 - [ 1872  ]
501 - [ 1872  ]
502 - [ 1872  ]
503 - [ 1872  ]
504 - [ 1872  ]
505 - [ 1872  ]
506 - [ 1872  ]
507 - [ 1872  ]
508 - [ 1872  ]
509 - [ 1872  ]
510 - [ 1872  ]
511 - [ 1872  ]
512 - [ 1872  ]
513 - [ 1872  ]
514 - [ 1872  ]
515 - [ 1872  ]
516 - [ 1872  ]
517 - [ 1872  ]
518 - [ 1872  ]
519 - [ 1872  ]
520 - [ 1872  ]
521 - [ 1872  ]
522 - [ 1872  ]
523 - [ 1872  ]
524 - [ 1872  ]
525 - [ 1872  ]
526 - [ 1872  ]
527 - [ 1872  ]
528 - [ 1872  ]
529 - [ 1872  ]
530 - [ 1872  ]
531 - [ 1872  ]
532 - [ 1872  ]
533 - [ 1872  ]
534 - [ 1872  ]
535 - [ 1872  ]
536 - [ 1872  ]
537 - [ 1872  ]
538 - [ 1872  ]
539 - [ 1872  ]
540 - [ 1872  ]
541 - [ 1872  ]
542 - [ 1872  ]
543 - [ 1872  ]
544 - [ 1872  ]
545 - [ 1872  ]
546 - [ 1872  ]
547 - [ 1872  ]
548 - [ 1872  ]
549 - [ 1872  ]
550 - [ 1872  ]
551 - [ 1872  ]
552 - [ 1872  ]
553 - [ 1872  ]
554 - [ 1872  ]
555 - [ 1872  ]
556 - [ 1872  ]
557 - [ 1872  ]
558 - [ 1872  ]
559 - [ 1872  ]
560 - [ 1872  ]
561 - [ 1872  ]
562 - [ 1872  ]
563 - [ 1872  ]
564 - [ 1872  ]
565 - [ 1872  ]
566 - [ 1872  ]
567 - [ 1872  ]
568 - [ 1872  ]
569 - [ 1872  ]
570 - [ 1872  ]
571 - [ 1872  ]
572 - [ 1872  ]
573 - [ 1872  ]
574 - [ 1872  ]
575 - [ 1872  ]
576 - [ 1872  ]
577 - [ 1872  ]
578 - [ 1872  ]
579 - [ 1872  ]
580 - [ 1872  ]
581 - [ 1872  ]
582 - [ 1872  ]
583 - [ 1872  ]
584 - [ 1872  ]
585 - [ 1872  ]
586 - [ 1872  ]
587 - [ 1872  ]
588 - [ 1872  ]
589 - [ 1872  ]
590 - [ 1872  ]
591 - [ 1872  ]
592 - [ 1872  ]
593 - [ 1872  ]
594 - [ 1872  ]
595 - [ 1872  ]
596 - [ 1872  ]
597 - [ 1872  ]
598 - [ 1872  ]
599 - [ 1872  ]
600 - [ 1872  ]
601 - [ 1872  ]
602 - [ 1872  ]
603 - [ 1872  ]
604 - [ 1872  ]
605 - [ 1872  ]
606 - [ 1872  ]
607 - [ 1872  ]
608 - [ 1872  ]
609 - [ 1872  ]
610 - [ 1872  ]
611 - [ 1872  ]
612 - [ 1872  ]
613 - [ 1872  ]
614 - [ 1872  ]
615 - [ 1872  ]
616 - [ 1872  ]
617 - [ 1872  ]
618 - [ 1872  ]
619 - [ 1872  ]
620 - [ 1872  ]
621 - [ 1872  ]
622 - [ 1872  ]
623 - [ 1872  ]
624 - [ 1872  ]
625 - [ 1872  ]
626 - [ 1872  ]
627 - [ 1872  ]
628 - [ 1872  ]
629 - [ 1872  ]
630 - [ 1872  ]
631 - [ 1872  ]
632 - [ 1872  ]
633 - [ 1872  ]
634 - [ 1872  ]
635 - [ 1872  ]
636 - [ 1872  ]
637 - [ 1872  ]
638 - [ 1872  ]
639 - [ 1872  ]
640 - [ 1872  ]
641 - [ 1872  ]
642 - [ 1872  ]
643 - [ 1872  ]
644 - [ 1872  ]
645 - [ 1872  ]
646 - [ 1872  ]
647 - [ 1872  ]
648 - [ 1872  ]
649 - [ 1872  ]
650 - [ 1872  ]
651 - [ 1872  ]
652 - [ 1872  ]
653 - [ 1872  ]
654 - [ 1872  ]
655 - [ 1872  ]
656 - [ 1872  ]
657 - [ 1872  ]
658 - [ 1872  ]
659 - [ 1872  ]
660 - [ 1872  ]
661 - [ 1872  ]
662 - [ 1872  ]
663 - [ 1872  ]
664 - [ 1872  ]
665 - [ 1872  ]
666 - [ 1872  ]
667 - [ 1872  ]
668 - [ 1872  ]
669 - [ 1872  ]
670 - [ 1872  ]
671 - [ 1872  ]
672 - [ 1872  ]
673 - [ 1872  ]
674 - [ 1872  ]
675 - [ 1872  ]
676 - [ 1872  ]
677 - [ 1872  ]
678 - [ 1872  ]
679 - [ 1872  ]
680 - [ 1872  ]
681 - [ 1872  ]
682 - [ 1872  ]
683 - [ 1872  ]
684 - [ 1872  ]
685 - [ 1872  ]
686 - [ 1872  ]
687 - [ 1872  ]
688 - [ 1872  ]
689 - [ 1872  ]
690 - [ 1872  ]
691 - [ 1872  ]
692 - [ 1872  ]
693 - [ 1872  ]
694 - [ 1872  ]
695 - [ 1872  ]
696 - [ 1872  ]
697 - [ 1872  ]
698 - [ 1872  ]
699 - [ 1872  ]
700 - [ 1872  ]
701 - [ 1872  ]
702 - [ 1872  ]
703 - [ 1872  ]
704 - [ 1872  ]
705 - [ 1872  ]
706 - [ 1872  ]
707 - [ 1872  ]
708 - [ 1872  ]
709 - [ 1872  ]
710 - [ 1872  ]
711 - [ 1872  ]
712 - [ 1872  ]
713 - [ 1872  ]
714 - [ 1872  ]
715 - [ 1872  ]
716 - [ 1872  ]
717 - [ 1872  ]
718 - [ 1872  ]
719 - [ 1872  ]
720 - [ 1872  ]
721 - [ 1872  ]
722 - [ 1872  ]
723 - [ 1872  ]
724 - [ 1872  ]
725 - [ 1872  ]
726 - [ 1872  ]
727 - [ 1872  ]
728 - [ 1872  ]
729 - [ 1872  ]
730 - [ 1872  ]
731 - [ 1872  ]
732 - [ 1872  ]
733 - [ 1872  ]
734 - [ 1872  ]
735 - [ 1872  ]
736 - [ 1872  ]
737 - [ 1872  ]
738 - [ 1872  ]
739 - [ 1872  ]
740 - [ 1872  ]
741 - [ 1872  ]
742 - [ 1872  ]
743 - [ 1872  ]
744 - [ 1872  ]
745 - [ 1872  ]
746 - [ 1872  ]
747 - [ 1872  ]
748 - [ 1872  ]
749 - [ 1872  ]
750 - [ 1872  ]
751 - [ 1872  ]
752 - [ 1872  ]
753 - [ 1872  ]
754 - [ 1872  ]
755 - [ 1872  ]
756 - [ 1872  ]
757 - [ 1872  ]
758 - [ 1872  ]
759 - [ 1872  ]
760 - [ 1872  ]
761 - [ 1872  ]
762 - [ 1872  ]
763 - [ 1872  ]
764 - [ 1872  ]
765 - [ 1872  ]
766 - [ 1872  ]
767 - [ 1872  ]
768 - [ 1872  ]
769 - [ 1872  ]
770 - [ 1872  ]
771 - [ 1872  ]
772 - [ 1872  ]
773 - [ 1872  ]
774 - [ 1872  ]
775 - [ 1872  ]
776 - [ 1872  ]
777 - [ 1872  ]
778 - [ 1872  ]
779 - [ 1872  ]
780 - [ 1872  ]
781 - [ 1872  ]
782 - [ 1872  ]
783 - [ 1872  ]
784 - [ 1872  ]
785 - [ 1872  ]
786 - [ 1872  ]
787 - [ 1872  ]
788 - [ 1872  ]
789 - [ 1872  ]
790 - [ 1872  ]
791 - [ 1872  ]
792 - [ 1872  ]
793 - [ 1872  ]
794 - [ 1872  ]
795 - [ 1872  ]
796 - [ 1872  ]
797 - [ 1872  ]
798 - [ 1872  ]
799 - [ 1872  ]
800 - [ 1872  ]
801 - [ 1872  ]
802 - [ 1872  ]
803 - [ 1872  ]
804 - [ 1872  ]
805 - [ 1872  ]
806 - [ 1872  ]
807 - [ 1872  ]
808 - [ 1872  ]
809 - [ 1872  ]
810 - [ 1872  ]
811 - [ 1872  ]
812 - [ 1872  ]
813 - [ 1872  ]
814 - [ 1872  ]
815 - [ 1872  ]
816 - [ 1872  ]
817 - [ 1872  ]
818 - [ 1872  ]
819 - [ 1872  ]
820 - [ 1872  ]
821 - [ 1872  ]
822 - [ 1872  ]
823 - [ 1872  ]
824 - [ 1872  ]
825 - [ 1872  ]
826 - [ 1872  ]
827 - [ 1872  ]
828 - [ 1872  ]
829 - [ 1872  ]
830 - [ 1872  ]
831 - [ 1872  ]
832 - [ 1872  ]
833 - [ 1872  ]
834 - [ 1872  ]
835 - [ 1872  ]
836 - [ 1872  ]
837 - [ 1872  ]
838 - [ 1872  ]
839 - [ 1872  ]
840 - [ 1872  ]
841 - [ 1872  ]
842 - [ 1872  ]
843 - [ 1872  ]
844 - [ 1872  ]
845 - [ 1872  ]
846 - [ 1872  ]
847 - [ 1872  ]
848 - [ 1872  ]
849 - [ 1872  ]
850 - [ 1872  ]
851 - [ 1872  ]
852 - [ 1872  ]
853 - [ 1872  ]
854 - [ 1872  ]
855 - [ 1872  ]
856 - [ 1872  ]
857 - [ 1872  ]
858 - [ 1872  ]
859 - [ 1872  ]
860 - [ 1872  ]
861 - [ 1872  ]
862 - [ 1872  ]
863 - [ 1872  ]
864 - [ 1872  ]
865 - [ 1872  ]
866 - [ 1872  ]
867 - [ 1872  ]
868 - [ 1872  ]
869 - [ 1872  ]
870 - [ 1872  ]
871 - [ 1872  ]
872 - [ 1872  ]
873 - [ 1872  ]
874 - [ 1872  ]
875 - [ 1872  ]
876 - [ 1872  ]
877 - [ 1872  ]
878 - [ 1872  ]
879 - [ 1872  ]
880 - [ 1872  ]
881 - [ 1872  ]
882 - [ 1872  ]
883 - [ 1872  ]
884 - [ 1872  ]
885 - [ 1872  ]
886 - [ 1872  ]
887 - [ 1872  ]
888 - [ 1872  ]
889 - [ 1872  ]
890 - [ 1872  ]
891 - [ 1872  ]
892 - [ 1872  ]
893 - [ 1872  ]
894 - [ 1872  ]
895 - [ 1872  ]
896 - [ 1872  ]
897 - [ 1872  ]
898 - [ 1872  ]
899 - [ 1872  ]
900 - [ 1872  ]
901 - [ 1872  ]
902 - [ 1872  ]
903 - [ 1872  ]
904 - [ 1872  ]
905 - [ 1872  ]
906 - [ 1872  ]
907 - [ 1872  ]
908 - [ 1872  ]
909 - [ 1872  ]
910 - [ 1872  ]
911 - [ 1872  ]
912 - [ 1872  ]
913 - [ 1872  ]
914 - [ 1872  ]
915 - [ 1872  ]
916 - [ 1872  ]
917 - [ 1872  ]
918 - [ 1872  ]
919 - [ 1872  ]
920 - [ 1872  ]
921 - [ 1872  ]
922 - [ 1872  ]
923 - [ 1872  ]
924 - [ 1872  ]
925 - [ 1872  ]
926 - [ 1872  ]
927 - [ 1872  ]
928 - [ 1872  ]
929 - [ 1872  ]
930 - [ 1872  ]
931 - [ 1872  ]
932 - [ 1872  ]
933 - [ 1872  ]
934 - [ 1872  ]
935 - [ 1872  ]
936 - [ 1872  ]
937 - [ 1872  ]
938 - [ 1872  ]
939 - [ 1872  ]
940 - [ 1872  ]
941 - [ 1872  ]
942 - [ 1872  ]
943 - [ 1872  ]
944 - [ 1872  ]
945 - [ 1872  ]
946 - [ 1872  ]
947 - [ 1872  ]
948 - [ 1872  ]
949 - [ 1872  ]
950 - [ 1872  ]
951 - [ 1872  ]
952 - [ 1872  ]
953 - [ 1872  ]
954 - [ 1872  ]
955 - [ 1872  ]
956 - [ 1872  ]
957 - [ 1872  ]
958 - [ 1872  ]
959 - [ 1872  ]
960 - [ 1872  ]
961 - [ 1872  ]
962 - [ 1872  ]
963 - [ 1872  ]
964 - [ 1872  ]
965 - [ 1872  ]
966 - [ 1872  ]
967 - [ 1872  ]
968 - [ 1872  ]
969 - [ 1872  ]
970 - [ 1872  ]
971 - [ 1872  ]
972 - [ 1872  ]
973 - [ 1872  ]
974 - [ 1872  ]
975 - [ 1872  ]
976 - [ 1872  ]
977 - [ 1872  ]
978 - [ 1872  ]
979 - [ 1872  ]
980 - [ 1872  ]
981 - [ 1872  ]
982 - [ 1872  ]
983 - [ 1872  ]
984 - [ 1872  ]
985 - [ 1872  ]
986 - [ 1872  ]
987 - [ 1872  ]
988 - [ 1872  ]
989 - [ 1872  ]
990 - [ 1872  ]
991 - [ 1872  ]
992 - [ 1872  ]
993 - [ 1872  ]
994 - [ 1872  ]
995 - [ 1872  ]
996 - [ 1872  ]
997 - [ 1872  ]
998 - [ 1872  ]
999 - [ 1872  ]
