15.4568
15.4581
15.4581
15.4581
15.4581
15.4581
15.4918
15.5386
15.5386
15.8252
15.4502
15.4568
15.4568
15.4581
15.4581
15.4581
15.4581
15.4581
15.4581
15.4581
15.4502
15.4502
15.4568
15.4568
15.4581
15.4581
15.4581
15.4581
15.4581
15.4581
15.4502
15.4502
15.4502
15.4502
15.4502
15.4502
15.4502
15.4515
15.4568
15.4568
15.4502
15.4502
15.4502
15.4502
15.4502
15.4502
15.4502
15.4502
15.4502
15.4502
15.2487
15.4502
15.4502
15.4502
15.4502
15.4502
15.4502
15.4502
15.4502
15.4502
15.2487
15.2922
15.3273
15.4067
15.4350
15.4502
15.4502
15.4502
15.4502
15.4502
15.2487
15.2803
15.2888
15.2922
15.2922
15.3246
15.3273
15.3287
15.3457
15.3562
15.1071
15.2487
15.2487
15.2803
15.2803
15.2867
15.2888
15.2922
15.2922
15.2935
15.1071
15.1451
15.1761
15.2409
15.2461
15.2487
15.2487
15.2566
15.2724
15.2803
15.1071
15.1071
15.1425
15.1451
15.1661
15.1761
15.1845
15.2066
15.2095
15.2264
15.1071
15.1071
15.1085
15.1085
15.1176
15.1219
15.1425
15.1451
15.1490
15.1542
15.1071
15.1071
15.1071
15.1085
15.1085
15.1085
15.1085
15.1140
15.1176
15.1190
15.1071
15.1071
15.1071
15.1071
15.1071
15.1071
15.1085
15.1085
15.1085
15.1085
15.1032
15.1045
15.1071
15.1071
15.1071
15.1071
15.1071
15.1071
15.1071
15.1071
15.1032
15.1032
15.1045
15.1045
15.1071
15.1071
15.1071
15.1071
15.1071
15.1071
15.1032
15.1032
15.1032
15.1032
15.1032
15.1045
15.1045
15.1045
15.1045
15.1071
14.9392
15.1032
15.1032
15.1032
15.1032
15.1032
15.1032
15.1032
15.1032
15.1045
14.9392
14.9392
14.9748
15.0115
15.0115
15.0676
15.0676
15.1032
15.1032
15.1032
14.9392
14.9392
14.9554
14.9748
14.9748
14.9831
14.9838
14.9911
14.9964
14.9964
14.9392
14.9392
14.9392
14.9471
14.9501
14.9554
14.9719
14.9748
14.9748
14.9762
14.9392
14.9392
14.9392
14.9432
14.9471
14.9471
14.9475
14.9501
14.9511
14.9535
14.9392
14.9392
14.9392
14.9392
14.9392
14.9392
14.9392
14.9432
14.9432
14.9432
14.9392
14.9392
14.9392
14.9392
14.9392
14.9392
14.9392
14.9392
14.9392
14.9392
14.9254
14.9392
14.9392
14.9392
14.9392
14.9392
14.9392
14.9392
14.9392
14.9392
14.9254
14.9254
14.9392
14.9392
14.9392
14.9392
14.9392
14.9392
14.9392
14.9392
14.9254
14.9254
14.9254
14.9254
14.9254
14.9254
14.9392
14.9392
14.9392
14.9392
14.9254
14.9254
14.9254
14.9254
14.9254
14.9254
14.9254
14.9254
14.9254
14.9254
14.7793
14.9254
14.9254
14.9254
14.9254
14.9254
14.9254
14.9254
14.9254
14.9254
14.7793
14.7793
14.8109
14.8519
14.8938
14.9254
14.9254
14.9254
14.9254
14.9254
14.7793
14.7793
14.7806
14.7911
14.7990
14.8109
14.8346
14.8446
14.8490
14.8519
14.7793
14.7793
14.7793
14.7806
14.7806
14.7872
14.7911
14.7911
14.7951
14.7954
14.7688
14.7714
14.7793
14.7793
14.7793
14.7806
14.7806
14.7806
14.7806
14.7832
14.7674
14.7688
14.7688
14.7702
14.7714
14.7727
14.7727
14.7793
14.7793
14.7793
14.7674
14.7674
14.7688
14.7688
14.7688
14.7688
14.7702
14.7702
14.7702
14.7702
14.7674
14.7674
14.7674
14.7674
14.7688
14.7688
14.7688
14.7688
14.7688
14.7688
14.7674
14.7674
14.7674
14.7674
14.7674
14.7674
14.7674
14.7688
14.7688
14.7688
14.7674
14.7674
14.7674
14.7674
14.7674
14.7674
14.7674
14.7674
14.7674
14.7674
14.7674
14.7674
14.7674
14.7674
14.7674
14.7674
14.7674
14.7674
14.7674
14.7674
14.7674
14.7674
14.7674
14.7674
14.7674
14.7674
14.7674
14.7674
14.7674
14.7674
14.7674
14.7674
14.7674
14.7674
14.7674
14.7674
14.7674
14.7674
14.7674
14.7674
14.7674
14.7674
14.7674
14.7674
14.7674
14.7674
14.7674
14.7674
14.7674
14.7674
14.7674
14.7674
14.7674
14.7674
14.7674
14.7674
14.7674
14.7674
14.7674
14.7674
14.7674
14.7674
14.7674
14.7674
14.7674
14.7674
14.7674
14.7674
14.7674
14.7674
14.7674
14.7674
14.7674
14.7674
14.7674
14.7674
14.7674
14.7674
14.7674
14.7674
14.7674
14.7674
14.7674
14.7674
14.7674
14.7674
14.7674
14.7674
14.7674
14.7674
14.7674
14.7674
14.7674
14.7674
14.7674
14.7674
14.7674
14.7674
14.7674
14.7674
14.7674
14.7674
14.7674
14.7674
14.7674
14.7674
14.7674
14.7674
14.7674
14.7674
14.7674
14.7674
14.7674
14.7674
14.7674
14.7674
14.7674
14.7674
14.7674
14.7674
14.7674
14.7674
14.7674
14.7674
14.7674
14.7674
14.7674
14.7674
14.7674
14.7674
14.7674
14.7674
14.7674
14.7674
14.7674
14.7674
14.7674
14.7674
14.7674
14.7674
14.7674
14.7674
14.7674
14.7674
14.7674
14.7674
14.7674
14.7674
14.7674
14.7674
14.7674
14.7674
14.7674
14.7674
14.7674
14.7674
14.7674
14.7674
14.7674
14.7674
14.7674
14.7674
14.7674
14.7674
14.7674
14.7674
14.7674
14.7674
14.7674
14.7674
14.7674
14.7674
14.7674
14.7674
14.7674
14.7674
14.7674
14.7674
14.7674
14.7674
14.7674
14.7674
14.7674
14.7674
14.7674
14.7674
14.7674
14.7674
14.7674
14.7674
14.7674
14.7674
14.7674
14.7674
14.7674
14.7674
14.7674
14.7674
14.7674
14.7674
14.6371
14.7674
14.7674
14.7674
14.7674
14.7674
14.7674
14.7674
14.7674
14.7674
14.6371
14.6371
14.6647
14.7028
14.7043
14.7398
14.7398
14.7674
14.7674
14.7674
14.6371
14.6371
14.6371
14.6398
14.6568
14.6568
14.6608
14.6647
14.6806
14.6806
14.6292
14.6371
14.6371
14.6371
14.6371
14.6371
14.6371
14.6398
14.6438
14.6529
14.6292
14.6331
14.6371
14.6371
14.6371
14.6371
14.6371
14.6371
14.6371
14.6371
14.6292
14.6292
14.6292
14.6292
14.6331
14.6371
14.6371
14.6371
14.6371
14.6371
14.6292
14.6292
14.6292
14.6292
14.6292
14.6292
14.6292
14.6292
14.6292
14.6292
14.6292
14.6292
14.6292
14.6292
14.6292
14.6292
14.6292
14.6292
14.6292
14.6292
14.6292
14.6292
14.6292
14.6292
14.6292
14.6292
14.6292
14.6292
14.6292
14.6292
14.6292
14.6292
14.6292
14.6292
14.6292
14.6292
14.6292
14.6292
14.6292
14.6292
14.6292
14.6292
14.6292
14.6292
14.6292
14.6292
14.6292
14.6292
14.6292
14.6292
14.6292
14.6292
14.6292
14.6292
14.6292
14.6292
14.6292
14.6292
14.6292
14.6292
14.6292
14.6292
14.6292
14.6292
14.6292
14.6292
14.6292
14.6292
14.6292
14.6292
14.6292
14.6292
14.6292
14.6292
14.6292
14.6292
14.6292
14.6292
14.6292
14.6292
14.6292
14.6292
14.6292
14.6292
14.6292
14.6292
14.6292
14.6292
14.6292
14.6292
14.6292
14.6292
14.6292
14.6292
14.6292
14.6292
14.6292
14.6292
14.6292
14.6292
14.6292
14.6292
14.6292
14.6292
14.6292
14.6292
14.6292
14.6292
14.6292
14.6292
14.6292
14.6292
14.6292
14.6292
14.6292
14.6292
14.6292
14.6292
14.6292
14.6292
14.6292
14.6292
14.6292
14.6292
14.6292
14.6292
14.6292
14.6292
14.6292
14.6292
14.6292
14.6292
14.6292
14.6292
14.6292
14.6292
14.6292
14.6292
14.6292
14.6292
14.6292
14.6292
14.6292
14.6292
14.6292
14.6292
14.6292
14.6292
14.6292
14.6292
14.5126
14.6292
14.6292
14.6292
14.6292
14.6292
14.6292
14.6292
14.6292
14.6292
14.5126
14.5363
14.5774
14.6055
14.6292
14.6292
14.6292
14.6292
14.6292
14.6292
14.5126
14.5363
14.5363
14.5363
14.5640
14.5745
14.5774
14.5774
14.5774
14.5803
14.5126
14.5324
14.5363
14.5363
14.5363
14.5363
14.5446
14.5446
14.5562
14.5600
14.5126
14.5140
14.5166
14.5324
14.5324
14.5363
14.5363
14.5363
14.5363
14.5363
14.5126
14.5140
14.5140
14.5166
14.5166
14.5166
14.5304
14.5324
14.5324
14.5324
14.5126
14.5140
14.5140
14.5140
14.5166
14.5166
14.5166
14.5166
14.5166
14.5168
14.5107
14.5120
14.5126
14.5126
14.5140
14.5140
14.5140
14.5140
14.5140
14.5140
13.6030
14.5107
14.5120
14.5120
14.5120
14.5126
14.5126
14.5126
14.5140
14.5140
13.6030
13.6058
13.9122
14.5107
14.5120
14.5120
14.5120
14.5120
14.5120
14.5120
13.3992
13.6030
13.6058
13.8478
13.9122
13.9136
13.9504
13.9533
14.1174
14.4897
13.3992
13.6030
13.6058
13.6058
13.6085
13.7084
13.8096
13.8478
13.9006
13.9122
13.3992
13.3992
13.6030
13.6044
13.6058
13.6058
13.6058
13.6058
13.6085
13.6354
13.3992
13.3992
13.4006
13.4006
13.4061
13.4345
13.4389
13.4403
13.4462
13.4477
13.3992
13.3992
13.3992
13.4006
13.4006
13.4006
13.4020
13.4061
13.4061
13.4075
12.1951
13.3992
13.3992
13.3992
13.4006
13.4006
13.4006
13.4006
13.4006
13.4006
12.1951
12.4516
12.4928
12.4928
13.1441
13.1441
13.1824
13.3992
13.3992
13.3992
12.1951
12.3233
12.3829
12.4158
12.4516
12.4928
12.4928
12.5996
12.6123
12.6167
12.1951
12.2547
12.3233
12.3675
12.3774
12.3829
12.3985
12.4028
12.4028
12.4158
12.1951
12.2106
12.2121
12.2547
12.2547
12.2745
12.3060
12.3233
12.3247
12.3261
12.1951
12.1978
12.2048
12.2106
12.2106
12.2121
12.2121
12.2390
12.2407
12.2544
12.1550
12.1951
12.1978
12.2048
12.2090
12.2106
12.2106
12.2106
12.2118
12.2121
