0 - [ 6  19  17  5  21  3  22  1  15  2  ]
1 - [ 32  6  24  5  30  3  19  27  23  21  ]
2 - [ 46  32  6  24  23  59  55  63  19  61  ]
3 - [ 71  46  84  91  73  79  32  70  24  6  ]
4 - [ 32  46  73  93  95  99  71  91  101  84  ]
5 - [ 132  71  101  133  130  46  127  125  73  91  ]
6 - [ 132  137  146  145  138  71  127  130  91  159  ]
7 - [ 132  163  164  161  137  179  146  165  166  177  ]
8 - [ 186  182  132  184  163  183  164  137  161  191  ]
9 - [ 186  207  216  211  215  132  182  209  213  184  ]
10 - [ 186  228  229  207  231  216  234  242  240  239  ]
11 - [ 186  228  254  251  252  255  229  207  259  269  ]
12 - [ 228  275  186  254  251  281  279  277  252  283  ]
13 - [ 186  299  275  301  303  228  279  251  307  305  ]
14 - [ 321  338  319  303  228  329  186  327  301  275  ]
15 - [ 321  340  338  342  356  228  301  327  275  353  ]
16 - [ 340  321  383  364  362  338  369  342  366  381  ]
17 - [ 385  362  393  321  386  388  364  340  383  391  ]
18 - [ 426  385  408  425  411  410  424  421  386  417  ]
19 - [ 426  385  431  433  408  435  441  438  437  440  ]
20 - [ 426  456  385  454  458  431  468  408  433  460  ]
21 - [ 385  456  426  480  454  476  478  458  482  486  ]
22 - [ 456  497  502  500  385  499  426  505  480  510  ]
23 - [ 522  534  536  385  499  497  537  502  528  456  ]
24 - [ 564  528  552  499  497  557  534  562  559  456  ]
25 - [ 564  568  580  562  574  589  499  557  456  552  ]
26 - [ 568  601  564  597  593  605  595  609  580  499  ]
27 - [ 611  621  605  623  616  613  564  618  601  597  ]
28 - [ 647  597  621  650  638  601  564  652  616  645  ]
29 - [ 671  647  657  668  667  675  621  665  638  616  ]
30 - [ 671  647  682  683  680  657  685  701  704  668  ]
31 - [ 647  671  707  710  682  712  683  705  715  708  ]
32 - [ 739  733  671  707  647  735  682  729  710  742  ]
33 - [ 759  739  754  753  733  757  756  762  671  707  ]
34 - [ 759  779  739  782  784  754  794  781  753  787  ]
35 - [ 759  804  779  802  739  812  806  784  754  782  ]
36 - [ 823  830  779  804  825  759  802  843  827  835  ]
37 - [ 847  804  759  857  851  823  825  849  855  830  ]
38 - [ 884  855  857  865  877  759  847  885  830  874  ]
39 - [ 884  874  903  901  830  865  896  857  905  910  ]
40 - [ 857  931  874  910  903  884  923  925  921  896  ]
41 - [ 923  937  910  935  921  951  944  954  925  933  ]
42 - [ 961  969  959  910  954  921  933  976  923  974  ]
43 - [ 959  976  994  961  910  990  998  933  923  996  ]
44 - [ 1009  1007  990  1023  996  1015  961  1002  1000  910  ]
45 - [ 1023  910  1009  1036  990  1027  1000  1040  1030  1025  ]
46 - [ 990  1040  1009  1049  1065  1030  1067  1057  1052  1060  ]
47 - [ 1091  1057  1079  1083  1072  1085  1030  1052  1065  1060  ]
48 - [ 1104  1085  1072  1110  1093  1097  1103  1065  1106  1052  ]
49 - [ 1097  1128  1122  1119  1137  1130  1065  1104  1052  1132  ]
50 - [ 1052  1141  1130  1122  1160  1137  1132  1065  1104  1158  ]
51 - [ 1180  1164  1176  1166  1168  1052  1183  1178  1104  1171  ]
52 - [ 1178  1196  1187  1193  1164  1104  1205  1201  1203  1052  ]
53 - [ 1220  1223  1214  1216  1205  1212  1208  1201  1104  1187  ]
54 - [ 1240  1201  1104  1214  1212  1216  1242  1248  1231  1223  ]
55 - [ 1251  1250  1274  1254  1214  1256  1271  1201  1104  1231  ]
56 - [ 1231  1201  1214  1256  1251  1284  1293  1277  1298  1289  ]
57 - [ 1307  1316  1323  1311  1214  1293  1277  1318  1298  1284  ]
58 - [ 1327  1307  1325  1337  1335  1334  1336  1346  1323  1343  ]
59 - [ 1350  1327  1307  1353  1351  1354  1356  1325  1357  1359  ]
60 - [ 1380  1350  1375  1307  1377  1378  1327  1353  1382  1386  ]
61 - [ 1380  1396  1406  1350  1307  1378  1399  1410  1377  1411  ]
62 - [ 1380  1432  1420  1427  1396  1439  1411  1307  1399  1377  ]
63 - [ 1380  1420  1449  1443  1455  1427  1432  1453  1451  1446  ]
64 - [ 1471  1451  1469  1443  1484  1473  1446  1455  1480  1380  ]
65 - [ 1443  1451  1495  1489  1380  1509  1446  1471  1473  1469  ]
66 - [ 1522  1443  1511  1532  1495  1509  1380  1471  1526  1524  ]
67 - [ 1551  1443  1547  1536  1532  1540  1538  1549  1534  1471  ]
68 - [ 1559  1557  1563  1471  1536  1555  1570  1540  1534  1561  ]
69 - [ 1561  1577  1557  1596  1592  1594  1555  1471  1584  1563  ]
70 - [ 1557  1563  1471  1594  1609  1596  1613  1603  1615  1600  ]
71 - [ 1557  1639  1563  1623  1641  1636  1630  1625  1615  1621  ]
72 - [ 1656  1643  1641  1639  1636  1653  1623  1661  1645  1625  ]
73 - [ 1636  1678  1661  1665  1645  1653  1625  1623  1669  1682  ]
74 - [ 1665  1704  1695  1686  1688  1636  1693  1678  1691  1702  ]
75 - [ 1665  1729  1722  1724  1686  1726  1636  1714  1727  1704  ]
76 - [ 1741  1724  1722  1636  1743  1665  1726  1686  1749  1739  ]
77 - [ 1757  1739  1665  1764  1774  1767  1722  1759  1754  1762  ]
78 - [ 1793  1783  1665  1767  1739  1782  1774  1794  1757  1796  ]
79 - [ 1793  1803  1817  1816  1665  1805  1812  1739  1774  1813  ]
80 - [ 1793  1829  1803  1827  1830  1849  1851  1846  1817  1832  ]
81 - [ 1793  1852  1829  1856  1803  1827  1858  1854  1864  1860  ]
82 - [ 1793  1873  1874  1885  1852  1856  1880  1827  1829  1883  ]
83 - [ 1793  1873  1899  1874  1897  1901  1910  1907  1885  1915  ]
84 - [ 1793  1899  1923  1873  1874  1897  1920  1901  1933  1922  ]
85 - [ 1964  1960  1793  1946  1948  1899  1952  1923  1962  1873  ]
86 - [ 1972  1964  1970  1960  1968  1946  1793  1975  1980  1973  ]
87 - [ 1972  1992  1993  1964  1995  1970  1968  1960  2001  1998  ]
88 - [ 2018  1972  1992  2019  1993  2021  2033  2035  2023  2034  ]
89 - [ 2018  1972  1992  2040  2044  2045  2042  2019  2047  1993  ]
90 - [ 2018  2063  1972  2065  1992  2040  2071  2068  2044  2069  ]
91 - [ 2063  2018  2091  2088  2089  2112  2094  2104  2101  2099  ]
92 - [ 2116  2018  2063  2088  2115  2091  2118  2113  2089  2120  ]
93 - [ 2144  2018  2116  2063  2138  2140  2088  2145  2115  2142  ]
94 - [ 2144  2159  2180  2162  2161  2179  2160  2116  2018  2063  ]
95 - [ 2144  2181  2183  2185  2159  2162  2180  2184  2187  2186  ]
96 - [ 2144  2203  2181  2206  2205  2183  2207  2221  2216  2209  ]
97 - [ 2144  2232  2247  2203  2225  2238  2227  2181  2229  2235  ]
98 - [ 2144  2248  2251  2232  2253  2250  2247  2259  2270  2264  ]
99 - [ 2276  2144  2248  2251  2271  2232  2253  2278  2273  2250  ]
