0 - [ 6  6  8  ]
1 - [ 6  6  6  8  15  12  8  6  ]
2 - [ 6  6  6  8  6  6  6  6  6  8  ]
3 - [ 54  6  8  6  6  6  6  6  6  6  ]
4 - [ 6  54  54  6  6  6  6  6  6  6  ]
5 - [ 54  54  6  6  6  6  6  6  6  6  ]
6 - [ 54  6  6  54  6  54  6  54  6  6  ]
7 - [ 54  54  54  54  140  54  54  136  54  54  ]
8 - [ 159  54  54  54  54  54  54  136  54  54  ]
9 - [ 159  184  54  54  54  54  54  54  54  54  ]
10 - [ 184  184  159  159  54  54  54  54  54  54  ]
11 - [ 184  184  159  184  159  223  159  184  159  54  ]
12 - [ 184  184  159  256  159  241  184  184  159  159  ]
13 - [ 272  256  241  241  256  267  159  159  159  159  ]
14 - [ 287  241  241  256  256  256  256  241  241  295  ]
15 - [ 241  241  256  256  256  241  241  241  256  256  ]
16 - [ 256  241  256  241  256  241  256  256  241  256  ]
17 - [ 256  256  256  256  256  256  256  256  256  256  ]
18 - [ 256  256  256  256  256  256  256  256  256  256  ]
19 - [ 256  256  256  256  256  256  256  256  256  256  ]
20 - [ 256  256  256  256  256  256  256  256  256  256  ]
21 - [ 256  256  256  256  256  256  256  256  256  256  ]
22 - [ 256  256  256  256  256  256  256  256  256  256  ]
23 - [ 256  256  256  256  256  256  256  256  256  256  ]
24 - [ 256  256  256  256  256  256  256  256  256  256  ]
25 - [ 256  256  256  256  256  256  256  256  256  256  ]
26 - [ 256  256  256  256  256  256  256  256  256  256  ]
27 - [ 256  256  256  256  256  256  256  256  256  256  ]
28 - [ 256  256  256  256  256  256  256  256  256  256  ]
29 - [ 256  256  256  256  256  256  256  256  256  256  ]
30 - [ 256  256  256  256  256  256  256  256  256  256  ]
31 - [ 256  256  256  256  256  256  256  256  256  256  ]
32 - [ 256  256  256  256  256  256  256  256  256  256  ]
33 - [ 256  256  256  256  256  256  256  256  256  256  ]
34 - [ 256  256  256  256  256  256  256  256  256  256  ]
35 - [ 256  256  256  256  256  256  256  256  256  256  ]
36 - [ 256  256  256  256  256  256  256  256  256  256  ]
37 - [ 256  256  256  256  256  256  256  256  256  256  ]
38 - [ 256  256  256  256  256  256  256  256  256  256  ]
39 - [ 256  256  256  256  256  256  256  256  256  256  ]
40 - [ 256  256  256  256  256  256  256  256  256  256  ]
41 - [ 256  256  256  256  256  256  256  256  256  256  ]
42 - [ 256  256  256  256  256  256  256  256  256  256  ]
43 - [ 256  256  256  256  256  256  256  256  256  256  ]
44 - [ 256  256  256  256  256  256  256  256  256  256  ]
45 - [ 256  256  256  256  256  256  256  256  256  256  ]
46 - [ 256  256  256  256  256  256  256  256  256  256  ]
47 - [ 256  256  256  256  256  256  256  256  256  256  ]
48 - [ 256  256  256  256  256  256  256  256  256  256  ]
49 - [ 256  256  256  256  256  256  256  256  256  256  ]
50 - [ 256  256  256  256  256  256  256  256  256  256  ]
51 - [ 256  256  256  256  256  256  256  256  256  256  ]
52 - [ 256  256  256  256  256  256  256  256  256  256  ]
53 - [ 256  256  256  256  256  256  256  256  256  256  ]
54 - [ 256  256  256  256  256  256  256  256  256  256  ]
55 - [ 256  256  256  256  256  256  256  256  256  256  ]
56 - [ 256  256  256  256  256  256  256  256  256  256  ]
57 - [ 256  256  256  256  256  256  256  256  256  256  ]
58 - [ 256  256  256  256  256  256  256  256  256  256  ]
59 - [ 256  256  256  256  256  256  256  256  256  256  ]
60 - [ 256  256  256  256  256  256  256  256  256  256  ]
61 - [ 256  256  256  256  256  256  256  256  256  256  ]
62 - [ 256  256  256  256  256  256  256  256  256  256  ]
63 - [ 256  256  256  256  256  256  256  256  256  256  ]
64 - [ 256  256  256  256  256  256  256  256  256  256  ]
65 - [ 256  256  256  256  256  256  256  256  256  256  ]
66 - [ 256  256  256  256  256  256  256  256  256  256  ]
67 - [ 256  256  256  256  256  256  256  256  256  256  ]
68 - [ 256  256  256  256  256  256  256  256  256  256  ]
69 - [ 256  256  256  256  256  256  256  256  256  256  ]
70 - [ 256  256  256  256  256  256  256  256  256  256  ]
71 - [ 256  256  256  256  256  256  256  256  256  256  ]
72 - [ 256  256  256  256  256  256  256  256  256  256  ]
73 - [ 256  256  256  256  256  256  256  256  256  256  ]
74 - [ 256  256  256  256  256  256  256  256  256  256  ]
75 - [ 256  256  256  256  256  256  256  256  256  256  ]
76 - [ 256  256  256  256  256  256  256  256  256  256  ]
77 - [ 256  256  256  256  256  256  256  256  256  256  ]
78 - [ 256  256  256  256  256  256  256  256  256  256  ]
79 - [ 256  256  256  256  256  256  256  256  256  256  ]
80 - [ 256  256  256  256  256  256  256  256  256  256  ]
81 - [ 256  256  256  256  256  256  256  256  256  256  ]
82 - [ 256  256  256  256  256  256  256  256  256  256  ]
83 - [ 256  256  256  256  256  256  256  256  256  256  ]
84 - [ 256  256  256  256  256  256  256  256  256  256  ]
85 - [ 256  256  256  256  256  256  256  256  256  256  ]
86 - [ 256  256  256  256  256  256  256  256  256  256  ]
87 - [ 256  256  256  256  256  256  256  256  256  256  ]
88 - [ 256  256  256  256  256  256  256  256  256  256  ]
89 - [ 256  256  256  256  256  256  256  256  256  256  ]
90 - [ 256  256  256  256  256  256  256  256  256  256  ]
91 - [ 256  256  256  256  256  256  256  256  256  256  ]
92 - [ 256  256  256  256  256  256  256  256  256  256  ]
93 - [ 256  256  256  256  256  256  256  256  256  256  ]
94 - [ 256  256  256  256  256  256  256  256  256  256  ]
95 - [ 256  256  256  256  256  256  256  256  256  256  ]
96 - [ 256  256  256  256  256  256  256  256  256  256  ]
97 - [ 256  256  256  256  256  256  256  256  256  256  ]
98 - [ 256  256  256  256  256  256  256  256  256  256  ]
99 - [ 256  256  256  256  256  256  256  256  256  256  ]
