0 - [ 1  ]
1 - [ 1  ]
2 - [ 1507  ]
3 - [ 1508  ]
4 - [ 1508  ]
5 - [ 1508  ]
6 - [ 1508  1511  ]
7 - [ 1508  1511  ]
8 - [ 1508  1511  ]
9 - [ 1508  1511  ]
10 - [ 1508  1511  ]
11 - [ 11  ]
12 - [ 11  ]
13 - [ 11  ]
14 - [ 11  ]
15 - [ 11  ]
16 - [ 11  ]
17 - [ 11  ]
18 - [ 11  ]
19 - [ 11  ]
20 - [ 11  ]
21 - [ 11  ]
22 - [ 11  ]
23 - [ 11  ]
24 - [ 11  ]
25 - [ 11  ]
26 - [ 11  ]
27 - [ 11  ]
28 - [ 11  ]
29 - [ 11  ]
30 - [ 11  ]
31 - [ 11  ]
32 - [ 11  ]
33 - [ 11  ]
34 - [ 11  ]
35 - [ 11  1540  ]
36 - [ 11  1540  ]
37 - [ 1540  11  ]
38 - [ 1540  11  ]
39 - [ 1540  11  ]
40 - [ 1540  11  ]
41 - [ 11  1540  ]
42 - [ 11  1540  ]
43 - [ 11  1540  ]
44 - [ 1540  11  ]
45 - [ 1550  ]
46 - [ 1550  ]
47 - [ 1550  ]
48 - [ 1550  ]
49 - [ 1550  ]
50 - [ 1550  ]
51 - [ 1550  ]
52 - [ 1550  ]
53 - [ 1550  ]
54 - [ 1550  ]
55 - [ 1550  ]
56 - [ 1550  ]
57 - [ 1550  ]
58 - [ 1563  1550  ]
59 - [ 1563  1550  ]
60 - [ 1563  1550  ]
61 - [ 1550  1563  ]
62 - [ 1550  1563  ]
63 - [ 1563  1550  ]
64 - [ 1563  1550  ]
65 - [ 1563  1550  ]
66 - [ 1550  1563  ]
67 - [ 1550  1563  ]
68 - [ 1550  1563  ]
69 - [ 1563  1550  ]
70 - [ 1550  1563  ]
71 - [ 1550  1563  ]
72 - [ 1563  1550  ]
73 - [ 1563  1550  ]
74 - [ 1563  1550  ]
75 - [ 1550  1563  ]
76 - [ 1563  1550  ]
77 - [ 1550  1563  ]
78 - [ 1550  1563  ]
79 - [ 1563  1550  ]
80 - [ 1550  1563  ]
81 - [ 1550  1563  ]
82 - [ 1563  1550  ]
83 - [ 1550  1563  ]
84 - [ 1550  1563  ]
85 - [ 1563  1550  ]
86 - [ 1550  1563  ]
87 - [ 1550  1563  ]
88 - [ 1550  1563  ]
89 - [ 1563  1550  ]
90 - [ 1550  1563  ]
91 - [ 1550  1563  ]
92 - [ 1550  1563  ]
93 - [ 1563  1550  ]
94 - [ 1550  1563  ]
95 - [ 1563  1550  ]
96 - [ 1563  1550  ]
97 - [ 1563  1550  ]
98 - [ 1550  1563  ]
99 - [ 1563  1550  ]
100 - [ 1550  1563  ]
101 - [ 1550  1563  ]
102 - [ 1563  1550  ]
103 - [ 1550  1563  ]
104 - [ 1563  1550  ]
105 - [ 1563  1550  ]
106 - [ 1563  1550  ]
107 - [ 1550  1563  ]
108 - [ 1550  1563  ]
109 - [ 1563  1550  ]
110 - [ 1563  1550  ]
111 - [ 1563  1550  ]
112 - [ 1563  1550  ]
113 - [ 1563  1550  ]
114 - [ 1563  1550  ]
115 - [ 1550  1563  ]
116 - [ 1550  1563  ]
117 - [ 1550  1563  ]
118 - [ 1563  1550  ]
119 - [ 1563  1550  ]
120 - [ 1563  1550  ]
121 - [ 1563  1550  ]
122 - [ 1550  1563  ]
123 - [ 1563  1550  ]
124 - [ 1563  1550  ]
125 - [ 1550  1563  ]
126 - [ 1563  1550  ]
127 - [ 1563  1550  ]
128 - [ 1550  1563  ]
129 - [ 1550  1563  ]
130 - [ 1563  1550  ]
131 - [ 1563  1550  ]
132 - [ 1563  1550  ]
133 - [ 1550  1563  ]
134 - [ 1550  1563  ]
135 - [ 1563  1550  ]
136 - [ 1563  1550  ]
137 - [ 1550  1563  ]
138 - [ 1563  1550  ]
139 - [ 1563  1550  ]
140 - [ 1563  1550  ]
141 - [ 1563  1550  ]
142 - [ 1563  1550  ]
143 - [ 1550  1563  ]
144 - [ 1550  1563  ]
145 - [ 1550  1563  ]
146 - [ 1550  1563  ]
147 - [ 1550  1563  ]
148 - [ 1563  1550  ]
149 - [ 1550  1563  ]
150 - [ 1550  1563  ]
151 - [ 1563  1550  ]
152 - [ 1563  1550  ]
153 - [ 1563  1550  ]
154 - [ 1563  1550  ]
155 - [ 1563  1550  ]
156 - [ 1563  1550  ]
157 - [ 1563  1550  ]
158 - [ 1563  1550  ]
159 - [ 1550  1563  ]
160 - [ 1563  1550  ]
161 - [ 1550  1563  ]
162 - [ 1550  1563  ]
163 - [ 1550  1563  ]
164 - [ 1550  1563  ]
165 - [ 1563  1550  ]
166 - [ 1563  1550  ]
167 - [ 1563  1550  ]
168 - [ 1550  1563  ]
169 - [ 1550  1563  ]
170 - [ 1550  1563  ]
171 - [ 1550  1563  ]
172 - [ 1550  1563  ]
173 - [ 1550  1563  ]
174 - [ 1563  1550  ]
175 - [ 1550  1563  ]
176 - [ 1550  1563  ]
177 - [ 1550  1563  ]
178 - [ 1563  1550  ]
179 - [ 1550  1563  ]
180 - [ 1550  1563  ]
181 - [ 1563  1550  ]
182 - [ 1563  1550  ]
183 - [ 1550  1563  ]
184 - [ 1563  1550  ]
185 - [ 1550  1563  ]
186 - [ 1550  1563  ]
187 - [ 1563  1550  ]
188 - [ 1563  1550  ]
189 - [ 1563  1550  ]
190 - [ 1550  1563  ]
191 - [ 1550  1563  ]
192 - [ 1550  1563  ]
193 - [ 1563  1550  ]
194 - [ 1563  1550  ]
195 - [ 1563  1550  ]
196 - [ 1563  1550  ]
197 - [ 1563  1550  ]
198 - [ 1563  1550  ]
199 - [ 1550  1563  ]
200 - [ 1550  1563  ]
201 - [ 1550  1563  ]
202 - [ 1550  1563  ]
203 - [ 1550  1563  ]
204 - [ 1550  1563  ]
205 - [ 1550  1563  ]
206 - [ 1550  1563  ]
207 - [ 1563  1550  ]
208 - [ 1563  1550  ]
209 - [ 1563  1550  ]
210 - [ 1550  1563  ]
211 - [ 1550  1563  ]
212 - [ 1563  1550  ]
213 - [ 1563  1550  ]
214 - [ 1550  1563  ]
215 - [ 1550  1563  ]
216 - [ 1563  1550  ]
217 - [ 1563  1550  ]
218 - [ 1563  1550  ]
219 - [ 1563  1550  ]
220 - [ 1550  1563  ]
221 - [ 1563  1550  ]
222 - [ 1550  1563  ]
223 - [ 1550  1563  ]
224 - [ 1563  1550  ]
225 - [ 1550  1563  ]
226 - [ 1563  1550  ]
227 - [ 1563  1550  ]
228 - [ 1550  1563  ]
229 - [ 1563  1550  ]
230 - [ 1550  1563  ]
231 - [ 1550  1563  ]
232 - [ 1563  1550  ]
233 - [ 1563  1550  ]
234 - [ 1550  1563  ]
235 - [ 1550  1563  ]
236 - [ 1550  1563  ]
237 - [ 1563  1550  ]
238 - [ 1563  1550  ]
239 - [ 1550  1563  ]
240 - [ 1563  1550  ]
241 - [ 1563  1550  ]
242 - [ 1550  1563  ]
243 - [ 1563  1550  ]
244 - [ 1550  1563  ]
245 - [ 1550  1563  ]
246 - [ 1550  1563  ]
247 - [ 1563  1550  ]
248 - [ 1550  1563  ]
249 - [ 1563  1550  ]
250 - [ 1563  1550  ]
251 - [ 1550  1563  ]
252 - [ 1550  1563  ]
253 - [ 1563  1550  ]
254 - [ 1550  1563  ]
255 - [ 1563  1550  ]
256 - [ 1550  1563  ]
257 - [ 1563  1550  ]
258 - [ 1563  1550  ]
259 - [ 1563  1550  ]
260 - [ 1550  1563  ]
261 - [ 1563  1550  ]
262 - [ 1563  1550  ]
263 - [ 1563  1550  ]
264 - [ 1550  1563  ]
265 - [ 1563  1550  ]
266 - [ 1563  1550  ]
267 - [ 1563  1550  ]
268 - [ 1563  1550  ]
269 - [ 1563  1550  ]
270 - [ 1563  1550  ]
271 - [ 1563  1550  ]
272 - [ 1550  1563  ]
273 - [ 1550  1563  ]
274 - [ 1550  1563  ]
275 - [ 1563  1550  ]
276 - [ 1550  1563  ]
277 - [ 1550  1563  ]
278 - [ 1550  1563  ]
279 - [ 1563  1550  ]
280 - [ 1550  1563  ]
281 - [ 1563  1550  ]
282 - [ 1550  1563  ]
283 - [ 1550  1563  ]
284 - [ 1563  1550  ]
285 - [ 1563  1550  ]
286 - [ 1550  1563  ]
287 - [ 1550  1563  ]
288 - [ 1563  1550  ]
289 - [ 1550  1563  ]
290 - [ 1563  1550  ]
291 - [ 1563  1550  ]
292 - [ 1550  1563  ]
293 - [ 1563  1550  ]
294 - [ 1550  1563  ]
295 - [ 1550  1563  ]
296 - [ 1563  1550  ]
297 - [ 1550  1563  ]
298 - [ 1563  1550  ]
299 - [ 1563  1550  ]
300 - [ 1563  1550  ]
301 - [ 1563  1550  ]
302 - [ 1563  1550  ]
303 - [ 1563  1550  ]
304 - [ 1563  1550  ]
305 - [ 1563  1550  ]
306 - [ 1563  1550  ]
307 - [ 1563  1550  ]
308 - [ 1550  1563  ]
309 - [ 1563  1550  ]
310 - [ 1550  1563  ]
311 - [ 1563  1550  ]
312 - [ 1550  1563  ]
313 - [ 1550  1563  ]
314 - [ 1550  1563  ]
315 - [ 1563  1550  ]
316 - [ 1550  1563  ]
317 - [ 1563  1550  ]
318 - [ 1550  1563  ]
319 - [ 1550  1563  ]
320 - [ 1563  1550  ]
321 - [ 1563  1550  ]
322 - [ 1550  1563  ]
323 - [ 1550  1563  ]
324 - [ 1563  1550  ]
325 - [ 1550  1563  ]
326 - [ 1563  1550  ]
327 - [ 1550  1563  ]
328 - [ 1563  1550  ]
329 - [ 1550  1563  ]
330 - [ 1563  1550  ]
331 - [ 1563  1550  ]
332 - [ 1550  1563  ]
333 - [ 1550  1563  ]
334 - [ 1550  1563  ]
335 - [ 1563  1550  ]
336 - [ 1563  1550  ]
337 - [ 1550  1563  ]
338 - [ 1563  1550  ]
339 - [ 1550  1563  ]
340 - [ 1550  1563  ]
341 - [ 1550  1563  ]
342 - [ 1563  1550  ]
343 - [ 1563  1550  ]
344 - [ 1563  1550  ]
345 - [ 1550  1563  ]
346 - [ 1563  1550  ]
347 - [ 1563  1550  ]
348 - [ 1550  1563  ]
349 - [ 1550  1563  ]
350 - [ 1550  1563  ]
351 - [ 1550  1563  ]
352 - [ 1550  1563  ]
353 - [ 1550  1563  ]
354 - [ 1563  1550  ]
355 - [ 1550  1563  ]
356 - [ 1550  1563  ]
357 - [ 1563  1550  ]
358 - [ 1550  1563  ]
359 - [ 1563  1550  ]
360 - [ 1563  1550  ]
361 - [ 1563  1550  ]
362 - [ 1563  1550  ]
363 - [ 1550  1563  ]
364 - [ 1550  1563  ]
365 - [ 1563  1550  ]
366 - [ 1563  1550  ]
367 - [ 1550  1563  ]
368 - [ 1563  1550  ]
369 - [ 1563  1550  ]
370 - [ 1563  1550  ]
371 - [ 1550  1563  ]
372 - [ 1563  1550  ]
373 - [ 1550  1563  ]
374 - [ 1563  1550  ]
375 - [ 1550  1563  ]
376 - [ 1550  1563  ]
377 - [ 1550  1563  ]
378 - [ 1563  1550  ]
379 - [ 1563  1550  ]
380 - [ 1563  1550  ]
381 - [ 1550  1563  ]
382 - [ 1563  1550  ]
383 - [ 1550  1563  ]
384 - [ 1563  1550  ]
385 - [ 1550  1563  ]
386 - [ 1550  1563  ]
387 - [ 1550  1563  ]
388 - [ 1550  1563  ]
389 - [ 1563  1550  ]
390 - [ 1550  1563  ]
391 - [ 1550  1563  ]
392 - [ 1563  1550  ]
393 - [ 1550  1563  ]
394 - [ 1550  1563  ]
395 - [ 1550  1563  ]
396 - [ 1550  1563  ]
397 - [ 1563  1550  ]
398 - [ 1550  1563  ]
399 - [ 1563  1550  ]
400 - [ 1550  1563  ]
401 - [ 1550  1563  ]
402 - [ 1563  1550  ]
403 - [ 1550  1563  ]
404 - [ 1563  1550  ]
405 - [ 1550  1563  ]
406 - [ 1550  1563  ]
407 - [ 1563  1550  ]
408 - [ 1550  1563  ]
409 - [ 1550  1563  ]
410 - [ 1550  1563  ]
411 - [ 1563  1550  ]
412 - [ 1563  1550  ]
413 - [ 1563  1550  ]
414 - [ 1550  1563  ]
415 - [ 1563  1550  ]
416 - [ 1550  1563  ]
417 - [ 1563  1550  ]
418 - [ 1550  1563  ]
419 - [ 1550  1563  ]
420 - [ 1550  1563  ]
421 - [ 1563  1550  ]
422 - [ 1563  1550  ]
423 - [ 1563  1550  ]
424 - [ 1550  1563  ]
425 - [ 1563  1550  ]
426 - [ 1550  1563  ]
427 - [ 1550  1563  ]
428 - [ 1550  1563  ]
429 - [ 1563  1550  ]
430 - [ 1563  1550  ]
431 - [ 1550  1563  ]
432 - [ 1550  1563  ]
433 - [ 1550  1563  ]
434 - [ 1550  1563  ]
435 - [ 1550  1563  ]
436 - [ 1550  1563  ]
437 - [ 1563  1550  ]
438 - [ 1550  1563  ]
439 - [ 1550  1563  ]
440 - [ 1563  1550  ]
441 - [ 1550  1563  ]
442 - [ 1563  1550  ]
443 - [ 1550  1563  ]
444 - [ 1563  1550  ]
445 - [ 1563  1550  ]
446 - [ 1563  1550  ]
447 - [ 1563  1550  ]
448 - [ 1563  1550  ]
449 - [ 1550  1563  ]
450 - [ 1563  1550  ]
451 - [ 1563  1550  ]
452 - [ 1563  1550  ]
453 - [ 1550  1563  ]
454 - [ 1563  1550  ]
455 - [ 1550  1563  ]
456 - [ 1563  1550  ]
457 - [ 1550  1563  ]
458 - [ 1550  1563  ]
459 - [ 1563  1550  ]
460 - [ 1550  1563  ]
461 - [ 1563  1550  ]
462 - [ 1550  1563  ]
463 - [ 1550  1563  ]
464 - [ 1563  1550  ]
465 - [ 1563  1550  ]
466 - [ 1563  1550  ]
467 - [ 1550  1563  ]
468 - [ 1563  1550  ]
469 - [ 1563  1550  ]
470 - [ 1563  1550  ]
471 - [ 1563  1550  ]
472 - [ 1550  1563  ]
473 - [ 1550  1563  ]
474 - [ 1550  1563  ]
475 - [ 1550  1563  ]
476 - [ 1563  1550  ]
477 - [ 1563  1550  ]
478 - [ 1563  1550  ]
479 - [ 1563  1550  ]
480 - [ 1563  1550  ]
481 - [ 1563  1550  ]
482 - [ 1550  1563  ]
483 - [ 1550  1563  ]
484 - [ 1563  1550  ]
485 - [ 1563  1550  ]
486 - [ 1550  1563  ]
487 - [ 1563  1550  ]
488 - [ 1550  1563  ]
489 - [ 1563  1550  ]
490 - [ 1550  1563  ]
491 - [ 1550  1563  ]
492 - [ 1563  1550  ]
493 - [ 1550  1563  ]
494 - [ 1563  1550  ]
495 - [ 1550  1563  ]
496 - [ 1550  1563  ]
497 - [ 1550  1563  ]
498 - [ 1550  1563  ]
499 - [ 1563  1550  ]
500 - [ 1563  1550  ]
501 - [ 1563  1550  ]
502 - [ 1563  1550  ]
503 - [ 1563  1550  ]
504 - [ 1563  1550  ]
505 - [ 1550  1563  ]
506 - [ 1550  1563  ]
507 - [ 1550  1563  ]
508 - [ 1563  1550  ]
509 - [ 1550  1563  ]
510 - [ 1550  1563  ]
511 - [ 1550  1563  ]
512 - [ 1563  1550  ]
513 - [ 1550  1563  ]
514 - [ 1550  1563  ]
515 - [ 1550  1563  ]
516 - [ 1550  1563  ]
517 - [ 1563  1550  ]
518 - [ 1563  1550  ]
519 - [ 1550  1563  ]
520 - [ 1550  1563  ]
521 - [ 1563  1550  ]
522 - [ 1550  1563  ]
523 - [ 1550  1563  ]
524 - [ 1550  1563  ]
525 - [ 1563  1550  ]
526 - [ 1563  1550  ]
527 - [ 1563  1550  ]
528 - [ 1563  1550  ]
529 - [ 1563  1550  ]
530 - [ 1563  1550  ]
531 - [ 1550  1563  ]
532 - [ 1550  1563  ]
533 - [ 1550  1563  ]
534 - [ 1550  1563  ]
535 - [ 1563  1550  ]
536 - [ 1563  1550  ]
537 - [ 1550  1563  ]
538 - [ 1550  1563  ]
539 - [ 1563  1550  ]
540 - [ 1563  1550  ]
541 - [ 1550  1563  ]
542 - [ 1563  1550  ]
543 - [ 1563  1550  ]
544 - [ 1550  1563  ]
545 - [ 1563  1550  ]
546 - [ 1550  1563  ]
547 - [ 1563  1550  ]
548 - [ 1563  1550  ]
549 - [ 1550  1563  ]
550 - [ 1563  1550  ]
551 - [ 1563  1550  ]
552 - [ 1563  1550  ]
553 - [ 1550  1563  ]
554 - [ 1550  1563  ]
555 - [ 2060  1563  ]
556 - [ 1563  2060  ]
557 - [ 2060  1563  ]
558 - [ 2060  1563  ]
559 - [ 1563  2060  ]
560 - [ 1563  2060  ]
561 - [ 1563  2060  ]
562 - [ 2060  1563  ]
563 - [ 2060  1563  ]
564 - [ 1563  2060  ]
565 - [ 2060  1563  ]
566 - [ 1563  2060  ]
567 - [ 2060  1563  ]
568 - [ 2060  1563  ]
569 - [ 1563  2060  ]
570 - [ 1563  2060  ]
571 - [ 2060  1563  ]
572 - [ 1563  2060  ]
573 - [ 2060  1563  ]
574 - [ 1563  2060  ]
575 - [ 2060  1563  ]
576 - [ 1563  2060  ]
577 - [ 1563  2060  ]
578 - [ 1563  2060  ]
579 - [ 1563  2060  ]
580 - [ 1563  2060  ]
581 - [ 2060  1563  ]
582 - [ 1563  2060  ]
583 - [ 2060  1563  ]
584 - [ 1563  2060  ]
585 - [ 2060  1563  ]
586 - [ 2060  1563  ]
587 - [ 2060  1563  ]
588 - [ 2060  1563  ]
589 - [ 2060  1563  ]
590 - [ 1563  2060  ]
591 - [ 1563  2060  ]
592 - [ 1563  2060  ]
593 - [ 2060  1563  ]
594 - [ 1563  2060  ]
595 - [ 2060  1563  ]
596 - [ 2060  1563  ]
597 - [ 1563  2060  ]
598 - [ 2060  1563  ]
599 - [ 1563  2060  ]
600 - [ 1563  2060  ]
601 - [ 1563  2060  ]
602 - [ 2060  1563  ]
603 - [ 2060  1563  ]
604 - [ 1563  2060  ]
605 - [ 2060  1563  ]
606 - [ 1563  2060  ]
607 - [ 2060  1563  ]
608 - [ 1563  2060  ]
609 - [ 1563  2060  ]
610 - [ 2060  1563  ]
611 - [ 1563  2060  ]
612 - [ 2060  1563  ]
613 - [ 1563  2060  ]
614 - [ 1563  2060  ]
615 - [ 2060  1563  ]
616 - [ 1563  2060  ]
617 - [ 1563  2060  ]
618 - [ 2060  1563  ]
619 - [ 2060  1563  ]
620 - [ 2060  1563  ]
621 - [ 1563  2060  ]
622 - [ 2060  1563  ]
623 - [ 1563  2060  ]
624 - [ 1563  2060  ]
625 - [ 2060  1563  ]
626 - [ 2060  1563  ]
627 - [ 1563  2060  ]
628 - [ 2060  1563  ]
629 - [ 2060  1563  ]
630 - [ 1563  2060  ]
631 - [ 1563  2060  ]
632 - [ 2060  1563  ]
633 - [ 1563  2060  ]
634 - [ 2060  1563  ]
635 - [ 1563  2060  ]
636 - [ 1563  2060  ]
637 - [ 1563  2060  ]
638 - [ 2060  1563  ]
639 - [ 1563  2060  ]
640 - [ 2060  1563  ]
641 - [ 1563  2060  ]
642 - [ 1563  2060  ]
643 - [ 1563  2060  ]
644 - [ 2060  1563  ]
645 - [ 1563  2060  ]
646 - [ 1563  2060  ]
647 - [ 2060  1563  ]
648 - [ 2060  1563  ]
649 - [ 1563  2060  ]
650 - [ 2060  1563  ]
651 - [ 1563  2060  ]
652 - [ 2060  1563  ]
653 - [ 2060  1563  ]
654 - [ 2060  1563  ]
655 - [ 2060  1563  ]
656 - [ 1563  2060  ]
657 - [ 1563  2060  ]
658 - [ 1563  2060  ]
659 - [ 2060  1563  ]
660 - [ 1563  2060  ]
661 - [ 1563  2060  ]
662 - [ 1563  2060  ]
663 - [ 2060  1563  ]
664 - [ 1563  2060  ]
665 - [ 2060  1563  ]
666 - [ 1563  2060  ]
667 - [ 1563  2060  ]
668 - [ 2060  1563  ]
669 - [ 2060  1563  ]
670 - [ 2060  1563  ]
671 - [ 2060  1563  ]
672 - [ 1563  2060  ]
673 - [ 1563  2060  ]
674 - [ 2060  1563  ]
675 - [ 1563  2060  ]
676 - [ 2060  1563  ]
677 - [ 1563  2060  ]
678 - [ 2060  1563  ]
679 - [ 1563  2060  ]
680 - [ 2060  1563  ]
681 - [ 1563  2060  ]
682 - [ 1563  2060  ]
683 - [ 1563  2060  ]
684 - [ 2060  1563  ]
685 - [ 2060  1563  ]
686 - [ 1563  2060  ]
687 - [ 1563  2060  ]
688 - [ 2060  1563  ]
689 - [ 2060  1563  ]
690 - [ 1563  2060  ]
691 - [ 2060  1563  ]
692 - [ 1563  2060  ]
693 - [ 1563  2060  ]
694 - [ 2060  1563  ]
695 - [ 2060  1563  ]
696 - [ 2060  1563  ]
697 - [ 2060  1563  ]
698 - [ 2060  1563  ]
699 - [ 1563  2060  ]
700 - [ 1563  2060  ]
701 - [ 2060  1563  ]
702 - [ 1563  2060  ]
703 - [ 2060  1563  ]
704 - [ 2060  1563  ]
705 - [ 2060  1563  ]
706 - [ 1563  2060  ]
707 - [ 2060  1563  ]
708 - [ 1563  2060  ]
709 - [ 2060  1563  ]
710 - [ 1563  2060  ]
711 - [ 1563  2060  ]
712 - [ 1563  2060  ]
713 - [ 2060  1563  ]
714 - [ 2060  1563  ]
715 - [ 1563  2060  ]
716 - [ 2060  1563  ]
717 - [ 1563  2060  ]
718 - [ 1563  2060  ]
719 - [ 2060  1563  ]
720 - [ 1563  2060  ]
721 - [ 1563  2060  ]
722 - [ 2060  1563  ]
723 - [ 1563  2060  ]
724 - [ 2060  1563  ]
725 - [ 2060  1563  ]
726 - [ 1563  2060  ]
727 - [ 1563  2060  ]
728 - [ 2060  1563  ]
729 - [ 1563  2060  ]
730 - [ 1563  2060  ]
731 - [ 1563  2060  ]
732 - [ 1563  2060  ]
733 - [ 1563  2060  ]
734 - [ 1563  2060  ]
735 - [ 2060  1563  ]
736 - [ 1563  2060  ]
737 - [ 1563  2060  ]
738 - [ 2060  1563  ]
739 - [ 2060  1563  ]
740 - [ 1563  2060  ]
741 - [ 2060  1563  ]
742 - [ 1563  2060  ]
743 - [ 1563  2060  ]
744 - [ 1563  2060  ]
745 - [ 2060  1563  ]
746 - [ 2060  1563  ]
747 - [ 1563  2060  ]
748 - [ 1563  2060  ]
749 - [ 1563  2060  ]
750 - [ 2060  1563  ]
751 - [ 1563  2060  ]
752 - [ 2060  1563  ]
753 - [ 1563  2060  ]
754 - [ 2060  1563  ]
755 - [ 2060  1563  ]
756 - [ 2060  1563  ]
757 - [ 1563  2060  ]
758 - [ 1563  2060  ]
759 - [ 2060  1563  ]
760 - [ 1563  2060  ]
761 - [ 2060  1563  ]
762 - [ 1563  2060  ]
763 - [ 2060  1563  ]
764 - [ 2060  1563  ]
765 - [ 1563  2060  ]
766 - [ 1563  2060  ]
767 - [ 1563  2060  ]
768 - [ 2060  1563  ]
769 - [ 1563  2060  ]
770 - [ 2060  1563  ]
771 - [ 2060  1563  ]
772 - [ 1563  2060  ]
773 - [ 1563  2060  ]
774 - [ 2060  1563  ]
775 - [ 1563  2060  ]
776 - [ 2060  1563  ]
777 - [ 1563  2060  ]
778 - [ 1563  2060  ]
779 - [ 1563  2060  ]
780 - [ 2060  1563  ]
781 - [ 1563  2060  ]
782 - [ 2060  1563  ]
783 - [ 1563  2060  ]
784 - [ 1563  2060  ]
785 - [ 2060  1563  ]
786 - [ 2060  1563  ]
787 - [ 1563  2060  ]
788 - [ 1563  2060  ]
789 - [ 2060  1563  ]
790 - [ 1563  2060  ]
791 - [ 2060  1563  ]
792 - [ 2060  1563  ]
793 - [ 2060  1563  ]
794 - [ 2060  1563  ]
795 - [ 1563  2060  ]
796 - [ 2060  1563  ]
797 - [ 1563  2060  ]
798 - [ 2060  1563  ]
799 - [ 1563  2060  ]
800 - [ 2060  1563  ]
801 - [ 1563  2060  ]
802 - [ 1563  2060  ]
803 - [ 1563  2060  ]
804 - [ 1563  2060  ]
805 - [ 2060  1563  ]
806 - [ 2060  1563  ]
807 - [ 1563  2060  ]
808 - [ 2060  1563  ]
809 - [ 1563  2060  ]
810 - [ 1563  2060  ]
811 - [ 1563  2060  ]
812 - [ 2060  1563  ]
813 - [ 2060  1563  ]
814 - [ 2060  1563  ]
815 - [ 2060  1563  ]
816 - [ 1563  2060  ]
817 - [ 2060  1563  ]
818 - [ 1563  2060  ]
819 - [ 1563  2060  ]
820 - [ 1563  2060  ]
821 - [ 2060  1563  ]
822 - [ 2060  1563  ]
823 - [ 2060  1563  ]
824 - [ 2060  1563  ]
825 - [ 1563  2060  ]
826 - [ 2060  1563  ]
827 - [ 1563  2060  ]
828 - [ 2060  1563  ]
829 - [ 1563  2060  ]
830 - [ 1563  2060  ]
831 - [ 1563  2060  ]
832 - [ 1563  2060  ]
833 - [ 2060  1563  ]
834 - [ 2060  1563  ]
835 - [ 1563  2060  ]
836 - [ 2060  1563  ]
837 - [ 2060  1563  ]
838 - [ 1563  2060  ]
839 - [ 1563  2060  ]
840 - [ 1563  2060  ]
841 - [ 2060  1563  ]
842 - [ 2060  1563  ]
843 - [ 1563  2060  ]
844 - [ 1563  2060  ]
845 - [ 1563  2060  ]
846 - [ 1563  2060  ]
847 - [ 1563  2060  ]
848 - [ 2060  1563  ]
849 - [ 2060  1563  ]
850 - [ 2060  1563  ]
851 - [ 1563  2060  ]
852 - [ 1563  2060  ]
853 - [ 2060  1563  ]
854 - [ 2060  1563  ]
855 - [ 1563  2060  ]
856 - [ 2060  1563  ]
857 - [ 1563  2060  ]
858 - [ 1563  2060  ]
859 - [ 1563  2060  ]
860 - [ 1563  2060  ]
861 - [ 2060  1563  ]
862 - [ 2060  1563  ]
863 - [ 2060  1563  ]
864 - [ 1563  2060  ]
865 - [ 2060  1563  ]
866 - [ 2060  1563  ]
867 - [ 1563  2060  ]
868 - [ 2060  1563  ]
869 - [ 2060  1563  ]
870 - [ 1563  2060  ]
871 - [ 2060  1563  ]
872 - [ 2060  1563  ]
873 - [ 1563  2060  ]
874 - [ 1563  2060  ]
875 - [ 1563  2060  ]
876 - [ 1563  2060  ]
877 - [ 1563  2060  ]
878 - [ 2060  1563  ]
879 - [ 2060  1563  ]
880 - [ 1563  2060  ]
881 - [ 2060  1563  ]
882 - [ 2060  1563  ]
883 - [ 2060  1563  ]
884 - [ 2060  1563  ]
885 - [ 2060  1563  ]
886 - [ 1563  2060  ]
887 - [ 1563  2060  ]
888 - [ 1563  2060  ]
889 - [ 2060  1563  ]
890 - [ 2060  1563  ]
891 - [ 1563  2060  ]
892 - [ 1563  2060  ]
893 - [ 1563  2060  ]
894 - [ 1563  2060  ]
895 - [ 1563  2060  ]
896 - [ 1563  2060  ]
897 - [ 2060  1563  ]
898 - [ 1563  2060  ]
899 - [ 2060  1563  ]
900 - [ 1563  2060  ]
901 - [ 2060  1563  ]
902 - [ 1563  2060  ]
903 - [ 2060  1563  ]
904 - [ 2060  1563  ]
905 - [ 2060  1563  ]
906 - [ 2060  1563  ]
907 - [ 1563  2060  ]
908 - [ 1563  2060  ]
909 - [ 1563  2060  ]
910 - [ 1563  2060  ]
911 - [ 1563  2060  ]
912 - [ 1563  2060  ]
913 - [ 1563  2060  ]
914 - [ 1563  2060  ]
915 - [ 2060  1563  ]
916 - [ 1563  2060  ]
917 - [ 2060  1563  ]
918 - [ 1563  2060  ]
919 - [ 1563  2060  ]
920 - [ 1563  2060  ]
921 - [ 1563  2060  ]
922 - [ 2060  1563  ]
923 - [ 1563  2060  ]
924 - [ 2060  1563  ]
925 - [ 2060  1563  ]
926 - [ 1563  2060  ]
927 - [ 2060  1563  ]
928 - [ 2060  1563  ]
929 - [ 2060  1563  ]
930 - [ 1563  2060  ]
931 - [ 2060  1563  ]
932 - [ 1563  2060  ]
933 - [ 1563  2060  ]
934 - [ 1563  2060  ]
935 - [ 2060  1563  ]
936 - [ 1563  2060  ]
937 - [ 2060  1563  ]
938 - [ 2060  1563  ]
939 - [ 1563  2060  ]
940 - [ 2060  1563  ]
941 - [ 2060  1563  ]
942 - [ 2060  1563  ]
943 - [ 1563  2060  ]
944 - [ 2060  1563  ]
945 - [ 1563  2060  ]
946 - [ 1563  2060  ]
947 - [ 2060  1563  ]
948 - [ 2060  1563  ]
949 - [ 1563  2060  ]
950 - [ 2060  1563  ]
951 - [ 2060  1563  ]
952 - [ 2060  1563  ]
953 - [ 1563  2060  ]
954 - [ 1563  2060  ]
955 - [ 2060  1563  ]
956 - [ 2060  1563  ]
957 - [ 2060  1563  ]
958 - [ 2060  1563  ]
959 - [ 1563  2060  ]
960 - [ 2060  1563  ]
961 - [ 1563  2060  ]
962 - [ 1563  2060  ]
963 - [ 1563  2060  ]
964 - [ 1563  2060  ]
965 - [ 1563  2060  ]
966 - [ 2060  1563  ]
967 - [ 2060  1563  ]
968 - [ 2060  1563  ]
969 - [ 2060  1563  ]
970 - [ 2060  1563  ]
971 - [ 2060  1563  ]
972 - [ 2060  1563  ]
973 - [ 2060  1563  ]
974 - [ 2060  1563  ]
975 - [ 1563  2060  ]
976 - [ 2060  1563  ]
977 - [ 1563  2060  ]
978 - [ 2060  1563  ]
979 - [ 2060  1563  ]
980 - [ 2060  1563  ]
981 - [ 2060  1563  ]
982 - [ 1563  2060  ]
983 - [ 1563  2060  ]
984 - [ 2060  1563  ]
985 - [ 2060  1563  ]
986 - [ 1563  2060  ]
987 - [ 2060  1563  ]
988 - [ 1563  2060  ]
989 - [ 1563  2060  ]
990 - [ 1563  2060  ]
991 - [ 1563  2060  ]
992 - [ 1563  2060  ]
993 - [ 1563  2060  ]
994 - [ 1563  2060  ]
995 - [ 2060  1563  ]
996 - [ 1563  2060  ]
997 - [ 2060  1563  ]
998 - [ 2060  1563  ]
999 - [ 2060  1563  ]
