1.5132
1.5132
1.6797
1.6797
1.6797
1.6797
1.6797
1.5583
1.3631
1.3631
1.3631
1.3631
1.3631
1.3631
1.3631
1.5103
1.4037
1.2276
1.3631
1.3631
1.2276
1.2276
1.3631
1.2276
1.2276
1.3631
1.3631
1.3631
1.2276
1.3631
1.3631
1.2276
1.1060
1.2243
1.1060
1.1060
1.1060
1.1060
1.2243
1.1060
1.1060
1.1060
1.2243
0.9966
0.9966
0.9966
0.9966
0.9966
0.9966
1.1022
0.9966
0.9966
0.9958
0.8979
0.9958
0.8979
0.8979
0.8979
0.8979
0.8979
0.8979
0.8979
0.8979
0.8089
0.8089
0.8089
0.8089
0.8089
0.8089
0.8089
0.8089
0.8089
0.8089
0.8089
0.8089
0.8089
0.8089
0.8089
0.7290
0.7290
0.7290
0.7290
0.7290
0.7290
0.7290
0.7290
0.7290
0.7290
0.7290
0.7290
0.7290
0.8081
0.7290
0.6571
0.6571
0.6571
0.6571
0.6571
0.6571
0.6571
0.6571
0.6571
0.6571
0.6571
0.6571
0.6571
0.6571
0.6571
0.5927
0.5927
0.5927
0.5927
0.5927
0.5927
0.5927
0.5927
0.5927
0.5927
0.5927
0.5927
0.5927
0.5927
0.5927
0.5347
0.5347
0.5347
0.5347
0.5347
0.5347
0.5347
0.5347
0.5347
0.5347
0.5347
0.5347
0.5347
0.5347
0.5347
0.4825
0.4825
0.4825
0.4825
0.4825
0.4825
0.4825
0.4825
0.4825
0.4825
0.4825
0.4825
0.4825
0.4825
0.4825
0.4352
0.4817
0.4352
0.4817
0.4352
0.4352
0.4352
0.4352
0.4352
0.4352
0.4352
0.4352
0.4352
0.4352
0.3927
0.3927
0.3927
0.4327
0.4327
0.3927
0.3927
0.3927
0.3927
0.3927
0.3927
0.3927
0.3927
0.3927
0.3919
0.3544
0.3544
0.3544
0.3544
0.3544
0.3544
0.3544
0.3544
0.3544
0.3544
0.3544
0.3544
0.3544
0.3544
0.3511
0.3201
0.3201
0.3201
0.3201
0.3201
0.3201
0.3201
0.3201
0.3201
0.3201
0.3201
0.3201
0.3201
0.3201
0.2891
0.2891
0.2891
0.2891
0.2891
0.2891
0.2891
0.2891
0.2891
0.2891
0.2891
0.2891
0.2891
0.2891
0.2891
0.2613
0.2613
0.2613
0.2613
0.2613
0.2613
0.2613
0.2613
0.2613
0.2613
0.2613
0.2613
0.2613
0.2613
0.2613
0.2360
0.2360
0.2360
0.2360
0.2360
0.2360
0.2360
0.2360
0.2360
0.2360
0.2360
0.2360
0.2360
0.2360
0.2360
0.2140
0.2140
0.2140
0.2140
0.2140
0.2140
0.2140
0.2140
0.2140
0.2140
0.2140
0.2140
0.2140
0.2140
0.2140
0.1936
0.1936
0.1936
0.1936
0.1936
0.1936
0.1936
0.1936
0.1936
0.1936
0.1936
0.1936
0.1936
0.1936
0.1936
0.1757
0.1757
0.1757
0.1757
0.1757
0.1757
0.1757
0.1757
0.1757
0.1757
0.1757
0.1757
0.1757
0.1757
0.1757
0.1757
0.1757
0.1757
0.1757
0.1757
0.1757
0.1757
0.1757
0.1757
0.1757
0.1757
0.1757
0.1757
0.1757
0.1757
0.1757
0.1757
0.1757
0.1757
0.1757
0.1757
0.1757
0.1757
0.1757
0.1757
0.1757
0.1757
0.1757
0.1757
0.1757
0.1757
0.1757
0.1757
0.1757
0.1757
0.1757
0.1757
0.1757
0.1757
0.1757
0.1757
0.1757
0.1757
0.1757
0.1757
0.1757
0.1757
0.1757
0.1757
0.1757
0.1757
0.1757
0.1757
0.1757
0.1757
0.1757
0.1757
0.1757
0.1757
0.1757
0.1757
0.1757
0.1757
0.1757
0.1757
0.1757
0.1757
0.1757
0.1757
0.1757
0.1757
0.1757
0.1757
0.1757
0.1757
0.1757
0.1757
0.1757
0.1757
0.1757
0.1757
0.1757
0.1757
0.1757
0.1757
0.1757
0.1757
0.1757
0.1757
0.1757
0.1757
0.1757
0.1757
0.1757
0.1757
0.1757
0.1757
0.1757
0.1757
0.1757
0.1757
0.1757
0.1757
0.1757
0.1757
0.1757
0.1757
0.1757
0.1757
0.1757
0.1757
0.1757
0.1757
0.1757
0.1757
0.1757
0.1757
0.1757
0.1757
0.1757
0.1757
0.1757
0.1757
0.1757
0.1757
0.1757
0.1757
0.1757
0.1757
0.1757
0.1757
0.1757
0.1757
0.1757
0.1757
0.1757
0.1757
0.1757
0.1757
0.1757
0.1757
0.1757
0.1757
0.1757
0.1757
0.1757
0.1757
0.1757
0.1757
0.1757
0.1757
0.1757
0.1757
0.1757
0.1757
0.1757
0.1757
0.1757
0.1757
0.1757
0.1757
0.1757
0.1757
0.1757
0.1757
0.1757
0.1757
0.1757
0.1757
0.1757
0.1757
0.1757
0.1757
0.1757
0.1757
0.1757
0.1757
0.1757
0.1757
0.1757
0.1757
0.1757
0.1757
0.1757
0.1757
0.1757
0.1757
0.1757
0.1757
0.1757
0.1757
0.1757
0.1757
0.1757
0.1757
0.1757
0.1757
0.1757
0.1757
0.1757
0.1757
0.1757
0.1757
0.1757
0.1757
0.1757
0.1757
0.1757
0.1757
0.1757
0.1757
0.1757
0.1757
0.1757
0.1757
0.1757
0.1757
0.1757
0.1757
0.1757
0.1757
0.1757
0.1757
0.1757
0.1757
0.1757
0.1757
0.1757
0.1757
0.1757
0.1757
0.1757
0.1757
0.1757
0.1757
0.1757
0.1757
0.1757
0.1757
0.1757
0.1757
0.1757
0.1757
0.1757
0.1757
0.1757
0.1757
0.1757
0.1757
0.1757
0.1757
0.1757
0.1757
0.1757
0.1757
0.1757
0.1757
0.1757
0.1757
0.1757
0.1757
0.1757
0.1757
0.1757
0.1757
0.1757
0.1757
0.1757
0.1757
0.1757
0.1757
0.1757
0.1757
0.1757
0.1757
0.1757
0.1757
0.1757
0.1757
0.1757
0.1757
0.1757
0.1757
0.1757
0.1757
0.1757
0.1757
0.1757
0.1757
0.1757
0.1757
0.1757
0.1757
0.1757
0.1757
0.1757
0.1757
0.1757
0.1757
0.1757
0.1757
0.1757
0.1757
0.1757
0.1757
0.1757
0.1757
0.1757
0.1757
0.1757
0.1757
0.1757
0.1757
0.1757
0.1757
0.1757
0.1757
0.1757
0.1757
0.1757
0.1757
0.1757
0.1757
0.1757
0.1757
0.1757
0.1757
0.1757
0.1757
0.1757
0.1757
0.1757
0.1757
0.1757
0.1757
0.1757
0.1757
0.1757
0.1757
0.1757
0.1757
0.1757
0.1757
0.1757
0.1757
0.1757
0.1757
0.1757
0.1757
0.1757
0.1757
0.1757
0.1757
0.1757
0.1757
0.1757
0.1757
0.1757
0.1757
0.1757
0.1757
0.1757
0.1757
0.1757
0.1757
0.1757
0.1757
0.1757
0.1757
0.1757
0.1757
0.1757
0.1757
0.1757
0.1757
0.1757
0.1757
0.1757
0.1757
0.1757
0.1757
0.1757
0.1757
0.1757
0.1757
0.1757
0.1757
0.1757
0.1757
0.1757
0.1757
0.1757
0.1757
0.1757
0.1757
0.1757
0.1757
0.1757
0.1757
0.1757
0.1757
0.1757
0.1757
0.1757
0.1757
0.1757
0.1757
0.1757
0.1757
0.1757
0.1757
0.1757
0.1757
0.1757
0.1757
0.1757
0.1757
0.1757
0.1757
0.1757
0.1757
0.1757
0.1757
0.1757
0.1757
0.1757
0.1757
0.1757
0.1757
0.1757
0.1757
0.1757
0.1757
0.1757
0.1757
0.1757
0.1757
0.1757
0.1757
0.1757
0.1757
0.1757
0.1757
0.1757
0.1757
0.1757
0.1757
0.1757
0.1757
0.1757
0.1757
0.1757
0.1757
0.1757
0.1757
0.1757
0.1757
0.1757
0.1757
0.1757
0.1757
0.1757
0.1757
0.1757
0.1757
0.1757
0.1757
0.1757
0.1757
0.1757
0.1757
0.1757
0.1757
0.1757
0.1757
0.1757
0.1757
0.1757
0.1757
0.1757
0.1757
0.1757
0.1757
0.1757
0.1757
0.1757
0.1757
0.1757
0.1757
0.1757
0.1757
0.1757
0.1757
0.1757
0.1757
0.1757
0.1757
0.1757
0.1757
0.1757
0.1757
0.1757
0.1757
0.1757
0.1757
0.1757
0.1757
0.1757
0.1757
0.1757
0.1757
0.1757
0.1757
0.1757
0.1757
0.1757
0.1757
0.1757
0.1757
0.1757
0.1757
0.1757
0.1757
0.1757
0.1757
0.1757
0.1757
0.1757
0.1757
0.1757
0.1757
0.1757
0.1757
0.1757
0.1757
0.1757
0.1757
0.1757
0.1757
0.1757
0.1757
0.1757
0.1757
0.1757
0.1757
0.1757
0.1757
0.1757
0.1757
0.1757
0.1757
0.1757
0.1757
0.1757
0.1757
0.1757
0.1757
0.1757
0.1757
0.1757
0.1757
0.1757
0.1757
0.1757
0.1757
0.1757
0.1757
0.1757
0.1757
0.1757
0.1757
0.1757
0.1757
0.1757
0.1757
0.1757
0.1757
0.1757
0.1757
0.1757
0.1757
0.1757
0.1757
0.1757
0.1757
0.1757
0.1757
0.1757
0.1757
0.1757
0.1757
0.1757
0.1757
0.1757
0.1757
0.1757
0.1757
0.1757
0.1757
0.1757
0.1757
0.1757
0.1757
0.1757
0.1757
0.1757
0.1757
0.1757
0.1757
0.1757
0.1757
0.1757
0.1757
0.1757
0.1757
0.1757
0.1757
0.1757
0.1757
0.1757
0.1757
0.1757
0.1757
0.1757
0.1757
0.1757
0.1757
0.1757
0.1757
0.1757
0.1757
0.1757
0.1757
0.1757
0.1757
0.1757
0.1757
0.1757
0.1757
0.1757
0.1757
0.1757
0.1757
0.1757
0.1757
0.1757
0.1757
0.1757
0.1757
0.1757
0.1757
0.1757
0.1757
0.1757
0.1757
0.1757
0.1757
0.1757
0.1757
0.1757
0.1757
0.1757
0.1757
0.1757
0.1757
0.1757
0.1757
0.1757
0.1757
0.1757
0.1757
0.1757
0.1757
0.1757
0.1757
0.1757
0.1757
0.1757
0.1757
0.1757
0.1757
0.1757
0.1757
0.1757
0.1757
0.1757
0.1757
0.1757
0.1757
0.1757
0.1757
0.1757
0.1757
0.1757
0.1757
0.1757
0.1757
0.1757
0.1757
0.1757
0.1757
0.1757
0.1757
0.1757
0.1757
0.1757
0.1757
0.1757
0.1757
0.1757
0.1757
0.1757
0.1757
0.1757
0.1757
0.1757
0.1757
0.1757
0.1757
0.1757
0.1757
0.1757
0.1757
0.1757
0.1757
0.1757
0.1757
0.1757
0.1757
0.1757
0.1757
0.1757
0.1757
0.1757
0.1757
0.1757
0.1757
0.1757
0.1757
0.1757
0.1757
0.1757
0.1757
0.1757
0.1757
0.1757
0.1757
0.1757
0.1757
0.1757
0.1757
0.1757
0.1757
0.1757
0.1757
0.1757
0.1757
0.1757
0.1757
0.1757
0.1757
0.1757
0.1757
0.1757
0.1757
0.1757
0.1757
0.1757
0.1757
0.1757
0.1757
0.1757
0.1757
0.1757
0.1757
0.1757
0.1757
0.1757
0.1757
0.1757
0.1757
0.1757
0.1757
0.1757
0.1757
0.1757
0.1757
0.1757
0.1757
0.1757
0.1757
0.1757
0.1757
0.1757
0.1757
0.1757
0.1757
0.1757
0.1757
0.1757
0.1757
0.1757
0.1757
0.1757
0.1757
0.1757
0.1757
0.1757
0.1757
0.1757
0.1757
0.1757
0.1757
0.1757
0.1757
0.1757
0.1757
0.1757
0.1757
0.1757
0.1757
0.1757
0.1757
0.1757
0.1757
0.1757
0.1757
0.1757
0.1757
0.1757
0.1757
0.1757
0.1757
0.1757
0.1757
0.1757
0.1757
0.1757
0.1757
0.1757
0.1757
0.1757
0.1757
0.1757
0.1757
0.1757
0.1757
0.1757
0.1757
0.1757
0.1757
0.1757
0.1757
0.1757
0.1757
0.1757
0.1757
0.1757
0.1757
0.1757
0.1757
0.1757
0.1757
0.1757
0.1757
0.1757
0.1757
0.1757
0.1757
0.1757
0.1757
0.1757
0.1757
0.1757
0.1757
0.1757
0.1757
0.1757
0.1757
0.1757
0.1757
0.1757
0.1757
0.1757
0.1757
0.1757
0.1757
0.1757
0.1757
0.1757
0.1757
0.1757
0.1757
0.1757
0.1757
0.1757
0.1757
0.1757
0.1757
0.1757
0.1757
0.1757
0.1757
0.1757
0.1757
0.1757
0.1757
0.1757
0.1757
0.1757
0.1757
0.1757
0.1757
0.1757
0.1757
0.1757
0.1757
0.1757
0.1757
0.1757
0.1757
0.1757
0.1757
0.1757
0.1757
0.1757
0.1757
0.1757
0.1757
0.1757
0.1757
0.1757
0.1757
0.1757
0.1757
0.1757
0.1757
0.1757
0.1757
0.1757
0.1757
0.1757
0.1757
0.1757
0.1757
0.1757
0.1757
0.1757
0.1757
0.1757
0.1757
0.1757
0.1757
0.1757
0.1757
0.1757
0.1757
0.1757
0.1757
0.1757
0.1757
0.1757
0.1757
0.1757
0.1757
0.1757
0.1757
0.1757
0.1757
0.1757
0.1757
0.1757
0.1757
0.1757
0.1757
0.1757
0.1757
0.1757
0.1757
0.1757
0.1757
0.1757
0.1757
0.1757
0.1757
0.1757
0.1757
0.1757
0.1757
0.1757
0.1757
0.1757
0.1757
0.1757
0.1757
0.1757
0.1757
0.1757
0.1757
0.1757
0.1757
0.1757
0.1757
0.1757
0.1757
0.1757
0.1757
0.1757
0.1757
0.1757
0.1757
0.1757
0.1757
0.1757
0.1757
0.1757
0.1757
0.1757
0.1757
0.1757
0.1757
0.1757
0.1757
0.1757
0.1757
0.1757
0.1757
0.1757
0.1757
0.1757
0.1757
0.1757
0.1757
0.1757
0.1757
0.1757
0.1757
0.1757
0.1757
0.1757
0.1757
0.1757
0.1757
0.1757
0.1757
0.1757
0.1757
0.1757
0.1757
0.1757
0.1757
0.1757
0.1757
0.1757
0.1757
0.1757
0.1757
0.1757
0.1757
0.1757
0.1757
0.1757
0.1757
0.1757
0.1757
0.1757
0.1757
0.1757
0.1757
0.1757
0.1757
0.1757
0.1757
0.1757
0.1757
0.1757
0.1757
0.1757
0.1757
0.1757
0.1757
0.1757
0.1757
0.1757
0.1757
0.1757
0.1757
0.1757
0.1757
0.1757
0.1757
0.1757
0.1757
0.1757
0.1757
0.1757
0.1757
0.1757
0.1757
0.1757
0.1757
0.1757
0.1757
0.1757
0.1757
0.1757
0.1757
0.1757
0.1757
0.1757
0.1757
0.1757
0.1757
0.1757
0.1757
0.1757
0.1757
0.1757
0.1757
0.1757
0.1757
0.1757
0.1757
0.1757
0.1757
0.1757
0.1757
0.1757
0.1757
0.1757
0.1757
0.1757
0.1757
0.1757
0.1757
0.1757
0.1757
0.1757
0.1757
0.1757
0.1757
0.1757
0.1757
0.1757
0.1757
0.1757
0.1757
0.1757
0.1757
0.1757
0.1757
0.1757
0.1757
0.1757
0.1757
0.1757
0.1757
0.1757
0.1757
0.1757
0.1757
0.1757
0.1757
0.1757
0.1757
0.1757
0.1757
0.1757
0.1757
0.1757
