0 - [ 237  238  239  251  162  170  168  145  ]
1 - [ 285  266  301  261  297  262  306  288  278  ]
2 - [ 385  363  339  341  373  366  390  321  323  331  327  345  346  351  382  ]
3 - [ 496  466  398  472  445  501  486  480  464  418  482  ]
4 - [ 512  576  521  533  536  525  523  549  569  ]
5 - [ 654  656  670  644  621  637  660  652  609  649  617  ]
6 - [ 721  693  729  672  757  728  688  752  753  709  689  696  740  704  717  ]
7 - [ 804  777  765  864  872  844  833  764  793  869  853  813  805  810  868  ]
8 - [ 916  888  912  940  925  880  953  997  992  972  968  924  936  976  944  ]
9 - [ 1024  1084  1093  1040  1061  1076  1028  1032  1021  1033  1001  1117  1029  1048  1069  ]
10 - [ 1160  1208  1152  1185  1133  1136  1172  1233  1156  1161  1141  1196  1168  1132  1209  ]
11 - [ 1281  1245  1293  1309  1356  1244  1297  1304  1325  1240  1296  1257  1305  1352  1301  ]
12 - [ 1437  1426  1381  1402  1468  1457  1408  1412  1444  1424  1393  1417  1397  1385  ]
13 - [ 1504  1564  1497  1502  1486  1489  1545  1528  1521  1536  1524  1508  1581  1513  ]
14 - [ 1686  1605  1653  1637  1645  1649  1660  1693  1629  1601  1625  1628  1620  1669  1661  ]
15 - [ 1782  1797  1773  1744  1776  1804  1729  1728  1752  1733  1817  1820  1736  1780  1801  ]
16 - [ 1841  1936  1864  1869  1912  1829  1920  1932  1837  1884  1896  1840  1849  1937  1852  ]
17 - [ 1985  1945  2004  2024  1964  1948  1992  1949  1980  1997  2044  2013  2041  2000  2029  ]
18 - [ 2152  2117  2109  2156  2164  2084  2104  2177  2160  2081  2161  2101  2073  2113  2133  ]
19 - [ 2204  2296  2208  2257  2232  2256  2229  2213  2281  2260  2205  2248  2189  2293  2185  ]
20 - [ 2336  2409  2325  2337  2388  2421  2412  2304  2349  2309  2328  2329  2372  2320  2312  ]
21 - [ 2464  2453  2532  2517  2520  2505  2445  2497  2465  2536  2444  2432  2476  2425  2504  ]
22 - [ 2590  2626  2622  2638  2598  2586  2558  2630  2566  2650  2662  2646  2610  2550  2658  ]
23 - [ 2738  2778  2702  2750  2678  2682  2670  2770  2774  2674  2754  2690  2726  2722  2734  ]
24 - [ 2818  2886  2830  2790  2866  2854  2786  2878  2850  2858  2802  2826  2822  2834  2874  ]
25 - [ 2994  2966  2962  2990  2950  2910  3002  2930  2986  2998  2938  2970  2922  2954  3010  ]
26 - [ 3118  3070  3062  3030  3042  3074  3050  3122  3082  3046  3078  3086  3090  3094  3138  ]
27 - [ 3214  3202  3174  3206  3166  3254  3234  3194  3190  3258  3238  3210  3178  3226  3222  ]
28 - [ 3290  3334  3266  3382  3370  3294  3330  3286  3310  3346  3366  3354  3282  3326  3342  ]
29 - [ 3446  3470  3410  3466  3414  3406  3454  3390  3430  3482  3438  3474  3386  3502  3418  ]
30 - [ 3518  3522  3614  3594  3558  3610  3530  3622  3538  3582  3602  3542  3526  3562  3586  ]
31 - [ 3670  3742  3642  3694  3662  3710  3690  3718  3658  3666  3722  3738  3654  3682  3730  ]
32 - [ 3850  3854  3750  3830  3778  3846  3790  3810  3822  3774  3842  3798  3794  3838  3858  ]
33 - [ 3926  3978  3866  3898  3890  3910  3878  3894  3902  3914  3934  3918  3958  3970  3950  ]
34 - [ 4042  4078  4086  4046  4050  4018  4062  4014  4082  4038  3998  3994  4058  4030  4070  ]
35 - [ 4174  4206  4110  4166  4190  4106  4134  4186  4142  4170  4214  4130  4202  4178  4154  ]
36 - [ 4298  4286  4326  4274  4246  4334  4238  4230  4330  4318  4226  4262  4314  4302  4294  ]
37 - [ 4386  4454  4442  4446  4370  4398  4430  4378  4434  4346  4374  4418  4406  4366  4362  ]
38 - [ 4466  4574  4582  4578  4530  4550  4558  4494  4502  4482  4470  4478  4534  4518  4562  ]
39 - [ 4658  4666  4590  4614  4606  4678  4674  4690  4654  4594  4662  4698  4622  4646  4626  ]
40 - [ 4734  4790  4770  4750  4818  4806  4754  4814  4774  4726  4786  4766  4758  4798  4822  ]
41 - [ 4878  4854  4922  4826  4830  4898  4882  4858  4834  4910  4846  4870  4842  4942  4930  ]
42 - [ 5050  4958  5026  5022  5046  4962  5058  4998  5014  4970  5030  4990  4978  4954  4974  ]
43 - [ 5150  5166  5070  5074  5162  5118  5066  5174  5114  5170  5110  5078  5090  5106  5146  ]
44 - [ 5234  5242  5258  5262  5210  5222  5278  5186  5270  5282  5290  5238  5294  5198  5202  ]
45 - [ 5382  5334  5362  5338  5314  5410  5318  5418  5414  5326  5306  5322  5358  5398  5390  ]
46 - [ 5470  5518  5514  5482  5486  5494  5466  5498  5446  5426  5506  5478  5502  5490  5430  ]
47 - [ 5622  5626  5642  5630  5582  5594  5586  5638  5606  5566  5574  5562  5550  5570  5658  ]
48 - [ 5746  5670  5686  5726  5702  5706  5714  5734  5758  5770  5782  5778  5666  5722  5762  ]
49 - [ 5850  5878  5870  5902  5862  5826  5794  5846  5810  5874  5882  5838  5786  5894  5802  ]
50 - [ 5998  5930  5946  5922  5926  5934  5990  5982  6014  6022  6010  5978  5910  5970  5986  ]
51 - [ 6094  6030  6082  6070  6062  6134  6130  6122  6058  6110  6066  6078  6042  6114  6106  ]
52 - [ 6202  6234  6190  6182  6226  6214  6218  6158  6250  6258  6238  6154  6150  6230  6210  ]
53 - [ 6302  6294  6366  6330  6358  6374  6318  6354  6382  6334  6350  6282  6370  6338  6322  ]
54 - [ 6494  6450  6386  6402  6482  6502  6410  6426  6478  6446  6474  6394  6398  6406  6422  ]
55 - [ 6506  6602  6622  6610  6518  6598  6514  6570  6510  6542  6586  6574  6538  6546  6562  ]
56 - [ 6698  6678  6634  6670  6626  6666  6690  6658  6686  6638  6742  6682  6706  6642  6710  ]
57 - [ 6846  6830  6818  6798  6822  6854  6754  6794  6782  6810  6750  6774  6790  6850  6786  ]
58 - [ 6926  6874  6974  6918  6866  6922  6966  6930  6890  6982  6970  6938  6942  6978  6914  ]
59 - [ 7082  7086  7022  7074  7010  7030  6998  7018  7070  6986  7094  7090  7054  6990  7066  ]
60 - [ 7202  7134  7118  7174  7114  7178  7170  7198  7194  7122  7158  7162  7206  7222  7186  ]
61 - [ 7302  7278  7290  7286  7274  7226  7330  7322  7266  7230  7326  7254  7334  7318  7282  ]
62 - [ 7438  7434  7382  7394  7402  7390  7350  7374  7378  7442  7370  7354  7462  7362  7450  ]
63 - [ 7466  7498  7550  7482  7522  7558  7490  7510  7574  7526  7554  7494  7546  7514  7478  ]
64 - [ 7690  7694  7586  7602  7682  7630  7666  7702  7662  7622  7698  7618  7598  7642  7678  ]
65 - [ 7706  7774  7762  7814  7782  7722  7754  7726  7810  7766  7806  7822  7734  7818  7798  ]
66 - [ 7918  7890  7834  7922  7910  7894  7906  7938  7934  7882  7930  7870  7850  7942  7858  ]
67 - [ 8038  8010  7998  7970  7974  8034  7966  8018  8054  8022  7946  8042  7982  7994  8062  ]
68 - [ 8070  8090  8114  8130  8074  8082  8146  8154  8150  8106  8158  8166  8110  8126  8178  ]
69 - [ 8246  8242  8286  8270  8194  8274  8202  8302  8294  8258  8230  8222  8214  8254  8290  ]
70 - [ 8338  8358  8382  8402  8366  8406  8334  8346  8418  8310  8354  8414  8374  8394  8318  ]
71 - [ 8506  8438  8538  8498  8474  8426  8526  8446  8486  8466  8458  8454  8534  8450  8494  ]
72 - [ 8658  8646  8578  8550  8586  8558  8622  8630  8618  8566  8582  8554  8650  8546  8562  ]
73 - [ 8746  8698  8750  8702  8722  8782  8754  8726  8762  8710  8686  8670  8742  8706  8778  ]
74 - [ 8826  8814  8794  8878  8870  8898  8846  8798  8894  8834  8866  8790  8882  8830  8842  ]
75 - [ 8938  8926  9010  8906  8998  8914  8974  8950  9014  8982  8946  8922  9002  9022  8986  ]
76 - [ 9094  9106  9126  9034  9062  9114  9054  9110  9122  9102  9082  9058  9030  9134  9046  ]
77 - [ 9210  9242  9186  9222  9206  9194  9246  9234  9154  9178  9214  9170  9254  9202  9158  ]
78 - [ 9270  9358  9318  9282  9366  9294  9354  9278  9322  9334  9326  9266  9310  9382  9298  ]
79 - [ 9398  9390  9454  9410  9426  9478  9394  9434  9450  9446  9438  9474  9466  9422  9386  ]
80 - [ 9594  9618  9546  9522  9590  9506  9534  9526  9606  9582  9518  9574  9558  9510  9602  ]
81 - [ 9666  9710  9742  9718  9670  9690  9682  9722  9650  9686  9694  9734  9638  9662  9738  ]
82 - [ 9786  9814  9782  9778  9842  9846  9754  9746  9794  9766  9850  9770  9798  9838  9774  ]
83 - [ 9874  9962  9926  9898  9974  9886  9982  9890  9910  9866  9970  9966  9978  9882  9946  ]
84 - [ 10030  10062  10078  10054  10050  10046  10058  10018  10042  9994  10034  10090  9998  9986  10010  ]
85 - [ 10114  10134  10174  10222  10150  10214  10202  10126  10154  10178  10122  10182  10138  10198  10146  ]
86 - [ 10302  10262  10234  10338  10314  10274  10250  10266  10318  10322  10238  10326  10282  10278  10306  ]
87 - [ 10454  10358  10450  10402  10442  10366  10394  10382  10430  10410  10426  10346  10390  10398  10378  ]
88 - [ 10470  10494  10578  10474  10534  10574  10486  10522  10482  10466  10530  10566  10582  10514  10570  ]
89 - [ 10586  10622  10594  10694  10666  10598  10602  10606  10610  10698  10654  10670  10658  10674  10662  ]
90 - [ 10762  10806  10718  10750  10746  10770  10794  10734  10810  10754  10774  10818  10742  10758  10790  ]
91 - [ 10942  10870  10866  10906  10846  10862  10898  10926  10874  10914  10882  10918  10830  10834  10910  ]
92 - [ 11006  10990  11054  11062  11026  10986  11030  10966  11022  11018  10974  10962  10994  11038  11058  ]
93 - [ 11086  11170  11094  11106  11070  11134  11078  11138  11182  11102  11162  11118  11066  11122  11114  ]
94 - [ 11238  11198  11254  11294  11266  11214  11222  11226  11282  11186  11250  11234  11242  11298  11278  ]
95 - [ 11330  11402  11334  11366  11378  11306  11370  11410  11358  11318  11418  11314  11346  11354  11326  ]
96 - [ 11522  11426  11526  11442  11542  11466  11506  11482  11538  11450  11458  11478  11502  11518  11438  ]
97 - [ 11578  11610  11662  11590  11594  11586  11582  11602  11546  11618  11554  11650  11622  11598  11614  ]
98 - [ 11754  11682  11766  11706  11746  11678  11742  11762  11666  11674  11738  11694  11770  11726  11710  ]
99 - [ 11798  11882  11810  11826  11842  11854  11790  11830  11786  11794  11802  11902  11898  11838  11818  ]
