17.4647
17.4647
17.4647
17.4634
17.4634
17.4634
17.4634
17.4634
17.4634
17.4634
17.4634
17.4634
17.4634
17.4634
17.4634
17.4634
17.4634
17.4634
17.4634
17.4634
17.4634
17.4634
17.4634
17.4634
17.4634
17.4634
17.4634
17.4634
17.4634
17.4634
17.4634
17.4634
17.4634
17.4634
17.0605
17.4634
17.4634
17.4634
17.4634
17.0605
17.0618
17.0605
17.0618
17.0605
17.0605
17.0605
17.0618
17.0605
16.7004
17.0487
17.0487
16.7004
16.7017
16.7017
16.7017
16.7017
16.7017
16.7017
16.7017
16.7017
16.7017
16.7004
16.7017
16.7004
16.7017
16.7017
16.7004
16.7004
16.7004
16.7004
16.7004
16.6958
16.7004
16.7004
16.7004
16.6958
16.6958
16.6958
16.6958
16.6945
16.6958
16.6958
16.6958
16.6958
16.6958
16.6945
16.6958
16.6945
16.6958
16.6958
16.6958
16.6958
16.6945
16.6958
16.6945
16.6958
16.6958
16.6958
16.6958
16.6958
16.6958
16.6958
16.6945
16.6945
16.6958
16.6945
16.6945
16.6945
16.6945
16.6945
16.6945
16.6945
16.6945
16.6945
16.6945
16.6945
16.6945
16.6945
16.6945
16.6958
16.6945
16.6945
16.6945
16.6945
16.6945
16.6945
16.6945
16.6945
16.6945
16.3686
16.6945
16.6945
16.6945
16.6945
16.6945
16.6945
16.3699
16.3686
16.3686
16.3699
16.3686
16.3699
16.3686
16.3686
16.3686
16.3686
16.3686
16.3686
16.3587
16.3686
16.3686
16.3686
16.3686
16.3686
16.3587
16.3587
16.3587
16.3587
16.3587
16.3600
16.3587
16.3587
16.3587
16.3587
16.3600
16.3587
16.3587
16.3587
16.3600
16.3587
16.3587
16.3587
16.3587
16.3600
16.3587
16.0677
16.0664
16.0664
16.0664
16.0677
16.0677
16.0664
16.0677
16.0664
16.0677
16.0664
16.0677
16.0677
16.0677
16.0664
16.0677
16.0677
16.0625
16.0638
16.0638
16.0638
16.0638
16.0625
16.0625
16.0638
16.0625
16.0625
16.0638
16.0638
16.0638
16.0638
16.0638
16.0625
16.0638
16.0638
16.0625
16.0625
16.0625
16.0625
16.0638
16.0625
16.0638
16.0625
16.0625
16.0625
16.0625
16.0625
16.0625
16.0625
16.0638
16.0625
16.0625
16.0625
16.0625
16.0625
16.0625
16.0625
16.0625
16.0625
16.0625
16.0625
15.7998
16.0625
16.0625
16.0625
16.0625
15.5648
15.7860
15.5648
15.5489
15.5489
15.5489
15.5648
15.5489
15.5489
15.5489
15.5489
15.5489
15.5503
15.5489
15.5489
15.5503
15.5489
15.5489
15.5489
15.5489
15.5489
15.5489
15.5489
15.5489
15.5489
15.5489
15.5489
15.5489
15.5489
15.5489
15.5489
15.5489
15.5489
15.5489
15.5489
15.5489
15.5489
15.5489
15.5489
15.5489
15.5489
15.5489
15.5489
15.5489
15.5489
15.5489
15.5489
15.5489
15.5489
15.5489
15.5489
15.5489
15.5489
15.5489
15.5489
15.5489
15.5489
15.5489
15.5489
15.5489
15.5489
15.5489
15.5489
15.5489
15.5489
15.5489
15.5489
15.5489
15.5489
15.5489
15.5489
15.5489
15.5489
15.5489
15.5489
15.5489
15.5489
15.5489
15.5489
15.5489
15.5489
15.5489
15.5489
15.5489
15.5489
15.5489
15.5489
15.5489
15.5489
15.5489
15.5489
15.5489
15.5489
15.5489
15.5489
15.3376
15.5489
15.5489
15.5489
15.5489
15.5489
15.5489
15.5489
15.3376
15.5489
15.5489
15.5489
15.3376
15.3376
15.3389
15.3376
15.3389
15.3376
15.3376
15.3389
15.3376
15.3376
15.3376
15.3376
15.3376
15.3376
15.3376
15.3376
15.3330
15.3376
15.3376
15.1480
15.3317
15.1618
15.1480
15.1342
15.1480
15.1342
15.1342
15.1342
15.1342
15.1693
15.1342
15.1342
15.1342
15.1342
15.1342
15.1342
15.1342
15.1355
15.1342
15.1342
14.9643
15.1342
15.1342
15.1342
15.1342
15.1342
15.1342
14.9643
15.1342
15.1342
15.1342
15.1342
15.1342
15.1342
15.1342
14.9643
14.9643
14.9643
14.9656
14.9643
14.9643
14.9643
14.9643
14.9643
14.9643
14.9564
14.9643
14.9643
14.9564
14.9564
14.9643
14.9564
14.9564
14.9643
14.9643
14.9643
14.9643
14.9643
14.9643
14.9643
14.9643
14.9643
14.9564
14.9564
14.9564
14.9564
14.9564
14.9564
14.9564
14.9564
14.9564
14.9564
14.9564
14.9564
14.9564
14.8123
14.9564
14.8123
14.8044
14.8123
14.7984
14.8044
14.8044
14.7984
14.7984
14.7984
14.7984
14.7984
14.7998
14.7998
14.7984
14.7984
14.7984
14.7984
14.7984
14.7984
14.7984
14.7984
14.7984
14.7984
14.7984
14.7984
14.7984
14.7984
14.7998
14.7984
14.7984
14.7984
14.7984
14.7984
14.7984
14.7984
14.7984
14.7984
14.7984
14.7984
14.7984
14.7984
14.7984
14.7984
14.7984
14.7984
14.7984
14.7984
14.7984
14.7984
14.7984
14.7984
14.7984
14.7984
14.7984
14.7984
14.7984
14.7984
14.7984
14.7984
14.7984
14.7984
14.7984
14.7984
14.7984
14.6622
14.7984
14.7984
14.7984
14.7984
14.6622
14.7984
14.7984
14.7984
14.7984
14.6602
14.6622
14.6622
14.6622
14.6622
14.6602
14.6602
14.6622
14.6622
14.6622
14.6602
14.6602
14.6615
14.6602
14.6602
14.6602
14.6602
14.6602
14.6615
14.6602
14.6602
14.6602
14.6602
14.6602
14.6602
14.6602
14.6602
14.6602
14.6602
14.6602
14.6602
14.6602
14.6602
14.6602
14.6602
14.6602
14.6602
14.6602
14.6602
14.6602
14.6602
14.6602
14.6602
14.6602
14.6602
14.6602
14.6602
14.6602
14.6602
14.6602
14.6602
14.6602
14.6602
14.6602
14.6602
14.6602
14.6602
14.6602
14.6602
14.6602
14.6602
14.6602
14.6602
14.6602
14.5377
14.5377
14.5535
14.5377
14.5219
14.5259
14.5259
14.5219
14.5219
14.5259
14.5219
14.5232
14.5219
14.5219
14.5219
14.5219
14.5219
14.5219
14.5219
14.5219
14.5219
14.5219
14.5219
14.5219
14.5219
14.5219
14.5219
14.5219
14.5219
14.5219
14.5219
14.5219
14.5219
14.5219
14.5219
14.5219
14.5219
14.5219
14.5219
14.5219
14.5219
14.5219
14.5219
14.5219
14.5219
14.5219
14.5219
14.5219
14.5219
14.5219
14.5219
14.5219
14.5219
14.5219
14.5219
14.5219
14.5219
14.5219
14.5219
14.5219
14.5219
14.5219
14.5219
14.5219
14.5219
14.5219
14.5219
14.5219
14.5219
14.5219
14.5219
14.5219
14.5219
14.5219
14.5219
14.5219
14.5219
14.5219
14.5219
14.5219
14.5219
14.5219
14.5219
14.5219
14.5219
14.5219
14.5219
14.5219
14.5219
14.5219
14.5219
14.5219
14.5219
14.5219
14.5219
14.5219
14.5219
14.5219
14.5219
14.5219
14.5219
14.5219
14.5219
14.5219
14.5219
14.5219
14.5219
14.5219
14.5219
14.5219
14.5219
14.5219
14.5219
14.5219
14.5219
14.5219
14.5219
14.5219
14.5219
14.5219
14.5219
14.5219
14.5219
14.5219
14.5219
14.5219
14.5219
14.5219
14.5219
14.5219
14.5219
14.5219
14.5219
14.5219
14.5219
14.5219
14.5219
14.5219
14.5219
14.5219
14.5219
14.5219
14.5219
14.5219
14.5219
14.5219
14.5219
14.5219
14.5219
14.5219
14.5219
14.5219
14.5219
14.5219
14.5219
14.5219
14.5219
14.5219
14.5219
14.5219
14.5219
14.5219
14.5219
14.5219
14.5219
14.5219
14.5219
14.5219
14.5219
14.5219
14.5219
14.5219
14.5219
14.5219
14.5219
14.5219
14.5219
14.5219
14.5219
14.5219
14.5219
14.5219
14.5219
14.5219
14.5219
14.5219
14.5219
14.5219
14.5219
14.5219
14.5219
14.5219
14.5219
14.5219
14.5219
14.5219
14.5219
14.5219
14.5219
14.5219
14.5219
14.5219
14.5219
14.5219
14.5219
14.5219
14.5219
14.5219
14.5219
14.5219
14.5219
14.5219
14.5219
14.5219
14.5219
14.5219
14.5219
14.5219
14.5219
14.5219
14.5219
14.5219
14.5219
14.5219
14.5219
14.5219
14.5219
14.5219
14.5219
14.5219
14.5219
14.5219
14.5219
14.5219
14.5219
14.5219
14.5219
14.5219
14.5219
14.5219
14.5219
14.5219
14.5219
14.5219
14.5219
14.5219
14.5219
14.5219
14.5219
14.5219
14.5219
14.5219
14.5219
14.5219
14.5219
14.5219
14.5219
14.5219
14.5219
14.5219
14.5219
14.5219
14.5219
14.5219
14.5219
14.5219
14.5219
14.5219
14.5219
14.5219
14.5219
14.5219
14.5219
14.5219
14.5219
14.5219
14.5219
14.5219
14.5219
14.5219
14.5219
14.5219
14.5219
14.5219
14.5219
14.5219
14.5219
14.5219
14.5219
14.5219
14.5219
14.5219
14.5219
14.5219
14.5219
14.5219
14.5219
14.5219
14.5219
14.5219
14.5219
14.5219
14.5219
14.5219
14.5219
14.5219
14.5219
14.5219
14.5219
14.5219
14.5219
14.5219
14.5219
14.5219
14.5219
14.5219
14.5219
14.5219
14.5219
14.5219
14.5219
14.5219
14.5219
14.5219
14.5219
14.5219
14.5219
14.5219
14.5219
14.5219
14.5219
14.5219
14.5219
14.5219
14.5219
14.5219
14.5219
14.5219
14.5219
14.5219
14.5219
14.5219
14.5219
14.5219
14.5219
14.5219
14.5219
14.5219
14.5219
14.5219
14.5219
14.5219
14.5219
14.5219
14.5219
14.5219
14.5219
14.5219
14.5219
14.5219
14.5219
14.5219
14.5219
14.5219
14.5219
14.5219
14.5219
14.5219
14.5219
14.5219
14.5219
14.5219
14.5219
14.5219
14.5219
14.5219
14.5219
14.5219
14.5219
14.5219
14.5219
14.5219
14.5219
14.5219
14.5219
14.5219
14.5219
14.5219
14.5219
14.5219
14.5219
14.5219
14.5219
14.5219
14.5219
14.5219
14.5219
14.5219
14.5219
14.5219
14.5219
14.5219
14.5219
14.5219
14.5219
14.5219
14.5219
14.5219
14.5219
14.5219
14.5219
14.5219
14.5219
14.5219
14.5219
14.5219
14.5219
14.5219
14.5219
14.5219
14.5219
14.5219
14.5219
14.5219
14.5219
14.5219
14.5219
14.5219
14.5219
14.5219
14.5219
14.5219
14.5219
14.5219
14.5219
14.5219
14.5219
14.5219
14.5219
14.5219
14.5219
14.5219
14.5219
14.5219
14.5219
14.5219
14.5219
14.5219
14.5219
14.5219
14.5219
14.5219
14.5219
14.5219
14.5219
14.5219
14.5219
14.5219
14.5219
14.5219
14.5219
14.5219
14.5219
14.5219
14.5219
14.5219
14.5219
14.5219
14.5219
14.5219
14.5219
14.5219
14.5219
14.5219
14.5219
14.5219
14.5219
14.5219
14.5219
14.5219
14.5219
14.5219
14.5219
14.5219
14.5219
14.5219
14.5219
14.5219
14.5219
14.5219
14.5219
14.5219
14.5219
14.5219
14.5219
14.5219
14.5219
14.5219
14.5219
14.5219
14.5219
14.5219
14.5219
14.5219
14.5219
14.5219
14.5219
14.5219
14.5219
14.5219
14.5219
14.5219
14.5219
14.5219
14.5219
14.5219
14.5219
14.5219
14.5219
14.5219
14.5219
14.5219
14.5219
14.5219
14.5219
14.5219
14.5219
14.5219
14.5219
14.5219
14.5219
14.5219
14.5219
14.5219
14.5219
14.5219
14.5219
14.5219
14.5219
14.5219
14.5219
14.5219
14.5219
