0 - [ 162  171  54  94  37  35  39  140  181  80  ]
1 - [ 243  223  191  219  221  201  228  211  237  213  233  194  216  210  226  ]
2 - [ 254  317  312  305  283  261  256  301  247  314  266  289  268  286  304  ]
3 - [ 333  386  363  335  390  364  339  384  ]
4 - [ 407  415  418  ]
5 - [ 442  450  456  440  ]
6 - [ 474  459  480  462  468  461  475  477  472  465  479  471  ]
7 - [ 536  504  534  531  511  505  538  514  ]
8 - [ 561  559  551  552  568  ]
9 - [ 603  595  599  587  582  584  589  592  597  601  591  ]
10 - [ 638  617  631  619  646  639  644  609  607  652  616  648  610  642  656  ]
11 - [ 687  665  661  686  689  663  718  716  722  669  713  666  711  720  658  ]
12 - [ 783  778  743  787  738  748  806  776  740  751  760  785  756  768  762  ]
13 - [ 840  817  810  ]
14 - [ 896  892  887  890  897  885  ]
15 - [ 903  919  907  915  917  911  921  909  913  ]
16 - [ 952  961  938  965  933  951  ]
17 - [ 971  993  978  985  982  974  980  967  991  976  989  969  987  992  983  ]
18 - [ 1068  1036  ]
19 - [ 1077  1071  1075  1073  ]
20 - [ 1079  1093  1094  1083  1085  1096  1081  1092  1090  1087  1089  ]
21 - [ 1145  1134  ]
22 - [ 1160  1156  1152  1154  1157  ]
23 - [ 1164  1169  1167  1171  1183  1177  1165  1173  1162  1180  1175  1178  ]
24 - [ 1196  1199  1220  1222  1233  1206  1187  1223  1228  1204  1190  1238  1210  1189  1231  ]
25 - [ 1272  1274  1287  1308  1240  1258  1291  1265  1251  1242  1271  1281  1277  1260  1269  ]
26 - [ 1355  1356  ]
27 - [ 1387  1390  ]
28 - [ 1400  1406  1402  1404  ]
29 - [ 1420  1412  1418  1409  1417  1424  1422  1411  1426  ]
30 - [ 1442  1454  1440  1465  1459  1428  1457  1461  1432  1430  1463  1452  1447  1450  1444  ]
31 - [ 1533  1476  1537  1511  1492  1490  1488  1535  1519  1494  1482  1496  1526  1503  1505  ]
32 - [ 1557  1570  1595  1605  1576  1581  1566  1541  1564  1592  1597  1551  1599  1559  1587  ]
33 - [ 1634  1621  1618  1616  1626  1682  1664  1673  1641  1671  1612  1678  1666  1650  1631  ]
34 - [ 1759  1719  1711  1745  1688  1722  1701  1753  1689  1706  1756  1703  1734  1730  1740  ]
35 - [ 1809  1784  1820  1770  1807  1801  1822  1765  1826  1814  1812  1831  1774  1839  1824  ]
36 - [ 1858  1906  1902  1868  1865  1903  1856  1848  ]
37 - [ 1948  1919  1917  1923  1933  1926  1912  1915  1942  1946  1928  ]
38 - [ 1995  1981  ]
39 - [ 2002  2000  ]
40 - [ 2016  2013  ]
41 - [ 2021  2025  2027  2023  2026  ]
42 - [ 2037  2029  2031  2048  2039  2044  2046  2043  2050  2041  ]
43 - [ 2080  2078  2063  2099  2075  2093  2070  2098  2084  2068  2053  2088  2081  2055  2059  ]
44 - [ 2107  2133  2156  2153  2121  ]
45 - [ 2182  2187  2193  2175  2189  2195  2191  2173  ]
46 - [ 2218  2205  2222  2224  2207  2214  2216  2200  2232  2210  2220  2229  2197  2202  ]
47 - [ 2276  2296  2287  2242  2265  2244  2285  2273  2246  2268  2293  2299  2240  2259  2278  ]
48 - [ 2346  2372  2313  ]
49 - [ 2392  2379  2382  2389  ]
50 - [ 2412  2398  2401  2404  2409  2400  2410  ]
51 - [ 2415  2439  2450  2442  2434  2429  2444  2446  2424  2431  2417  2437  2427  2433  2421  ]
52 - [ 2452  2478  2457  2455  2462  2525  2460  2480  2497  2474  2485  2453  2522  2489  2520  ]
53 - [ 2557  2527  2531  2592  2554  2542  2579  2590  2588  2552  2561  2537  2547  2581  2563  ]
54 - [ 2631  2642  2634  2614  2621  2608  2656  2616  2597  2606  2636  2650  2610  2668  2640  ]
55 - [ 2714  2672  2731  ]
56 - [ 2744  2741  2739  2746  2742  2750  2748  ]
57 - [ 2761  2755  2778  2779  2768  2753  2757  2765  2767  2759  ]
58 - [ 2789  2821  2823  2834  2818  2813  2802  2799  2836  2791  2787  2825  2811  2808  2797  ]
59 - [ 2892  2840  2876  2848  2858  2874  2855  2898  2878  2886  2882  2846  2872  2900  2838  ]
60 - [ 2936  2914  2905  2972  2927  2907  2942  2952  2963  2950  2932  2948  2968  2944  2970  ]
61 - [ 3040  3045  3013  ]
62 - [ 3053  3061  ]
63 - [ 3071  3077  3069  3073  ]
64 - [ 3085  3082  3090  3080  3088  3083  3095  3097  ]
65 - [ 3136  3120  3104  3131  3107  3116  3109  3101  3143  3128  3122  3140  3111  3125  3113  ]
66 - [ 3200  3174  3179  3177  3192  3167  3165  3204  3156  3188  3213  3161  3190  3146  3169  ]
67 - [ 3278  3266  3217  3275  3241  3219  3293  3247  3236  3253  3280  3291  3283  3222  3269  ]
68 - [ 3320  3346  3328  3364  3367  3330  3357  3341  3296  3307  3369  3324  3339  3311  3337  ]
69 - [ 3408  3422  3394  3396  3442  3414  3401  3398  3387  3383  3410  3428  3439  3416  3389  ]
70 - [ 3444  3518  3483  3460  3511  3506  3469  3495  3466  3481  3490  3453  3501  3492  3509  ]
71 - [ 3568  3551  3573  3533  3546  3535  3530  3581  3565  3522  3588  3540  3558  3537  3560  ]
72 - [ 3603  3628  3647  3636  3640  3657  3631  3601  3591  3645  3597  3619  3662  3655  3599  ]
73 - [ 3688  3694  3732  3676  3684  3686  3707  3718  3666  3722  3726  3682  3697  3671  3716  ]
74 - [ 3789  3797  3749  3741  3775  3795  3757  3802  3806  3804  3754  3781  3767  3792  3799  ]
75 - [ 3836  3825  3839  3867  3812  3827  3872  3860  3876  3818  3841  3833  3844  3820  3864  ]
76 - [ 3926  3902  3937  3935  3880  3878  3882  3940  3892  3947  3907  3890  3898  3915  3914  ]
77 - [ 3977  3993  3989  3970  4019  3976  3972  3987  4007  3997  4011  4015  3995  3981  4013  ]
78 - [ 4063  4071  4031  4081  4073  4083  4023  4039  4049  4037  4033  4028  4088  4043  4086  ]
79 - [ 4097  4144  4099  4159  4141  4108  4146  4124  4126  4092  4138  4136  4102  4113  4165  ]
80 - [ 4173  4224  4217  4206  4210  4179  4184  4186  4227  4200  4168  4215  4203  4198  4170  ]
81 - [ 4249  4247  4304  4276  4288  4299  4266  4281  4271  4302  4278  4240  4274  4258  4260  ]
82 - [ 4320  4370  4322  4376  4351  4333  4379  4349  4330  4336  4328  4353  4314  4318  4362  ]
83 - [ 4427  4407  4430  4435  4386  4453  4396  4456  4389  4445  4415  4391  4437  4439  4412  ]
84 - [ 4529  4521  4507  4496  4463  4485  4465  4481  4494  4490  4509  4511  4531  4516  4476  ]
85 - [ 4554  4593  4585  4582  4565  4546  4549  4602  4589  4561  4591  4572  4538  4542  4551  ]
86 - [ 4637  4632  4605  4675  4656  4615  4664  4604  4625  4662  4608  4654  4613  4672  4610  ]
87 - [ 4707  4720  4691  4715  4740  4726  4709  4689  4705  4679  4746  4712  4697  4722  4682  ]
88 - [ 4823  4821  4780  4774  4812  4792  4762  4799  4760  4766  4778  4783  4802  4806  4804  ]
89 - [ 4891  4856  4889  4874  4866  4878  4853  4864  4876  4833  4870  4880  4848  4858  4862  ]
90 - [ 4955  4953  4925  4944  4929  4916  4957  4949  4922  4910  4961  4931  4908  4942  4940  ]
91 - [ 4985  5001  4970  5019  5024  5022  4973  4963  4996  4991  5007  5033  4983  4978  5003  ]
92 - [ 5057  5096  5059  5105  5065  5071  5063  5073  5061  5054  5101  5091  5078  5039  5041  ]
93 - [ 5163  5165  5131  5176  5113  5110  5129  5118  5108  5160  5151  5116  5122  5126  5136  ]
94 - [ 5203  5229  5197  5220  5208  5244  5217  5240  5251  5201  5210  5206  5237  5214  5186  ]
95 - [ 5317  5305  5256  5277  5279  5294  5313  5288  5308  5290  5272  5261  5315  5263  5258  ]
96 - [ 5333  5387  5390  5355  5351  5382  5364  5338  5349  5347  5368  5385  5324  5342  5375  ]
97 - [ 5396  5466  5438  5413  5432  5394  5398  5440  5418  5404  5459  5443  5400  5451  5464  ]
98 - [ 5495  5528  5507  5477  5514  5535  5472  5488  5517  5484  5521  5474  5480  5486  5512  ]
99 - [ 5567  5562  5557  5597  5564  5592  5605  5600  5611  5595  5559  5575  5609  5544  5572  ]
