0 - [ 10  23  6  5  2  15  19  27  7  9  ]
1 - [ 44  40  47  19  34  23  51  27  48  55  ]
2 - [ 62  80  40  72  23  71  63  34  48  75  ]
3 - [ 102  96  104  40  98  87  107  72  94  63  ]
4 - [ 94  142  72  124  121  40  104  139  63  115  ]
5 - [ 63  162  40  94  104  142  121  144  158  148  ]
6 - [ 187  162  184  181  180  148  171  158  192  189  ]
7 - [ 162  213  189  197  223  180  187  200  215  181  ]
8 - [ 162  180  233  189  238  240  241  215  248  213  ]
9 - [ 258  241  240  248  162  256  251  254  268  238  ]
10 - [ 295  277  301  292  286  297  268  280  289  294  ]
11 - [ 327  301  297  292  307  294  280  277  310  289  ]
12 - [ 337  301  294  335  340  307  280  292  354  357  ]
13 - [ 382  292  365  377  367  357  280  375  370  340  ]
14 - [ 365  397  292  394  413  400  367  377  407  405  ]
15 - [ 397  292  394  434  421  418  439  400  423  433  ]
16 - [ 434  452  462  439  400  394  459  466  423  464  ]
17 - [ 469  483  478  480  494  490  434  464  462  472  ]
18 - [ 501  494  504  498  505  478  523  462  490  464  ]
19 - [ 538  464  504  547  550  494  535  501  549  478  ]
20 - [ 559  562  568  576  478  464  556  553  550  578  ]
21 - [ 587  584  568  556  478  578  594  592  464  582  ]
22 - [ 628  624  587  614  631  578  634  584  616  625  ]
23 - [ 646  628  625  661  634  651  654  637  645  631  ]
24 - [ 687  675  674  684  628  661  654  645  651  646  ]
25 - [ 691  696  675  701  651  654  694  698  689  712  ]
26 - [ 691  716  698  694  654  651  689  727  712  724  ]
27 - [ 651  750  691  756  689  746  763  727  724  753  ]
28 - [ 774  787  753  784  769  746  790  691  763  750  ]
29 - [ 753  787  750  814  819  816  808  802  804  691  ]
30 - [ 828  814  834  750  831  822  691  841  847  825  ]
31 - [ 862  822  691  834  750  863  865  854  873  828  ]
32 - [ 854  896  834  828  891  886  883  881  862  878  ]
33 - [ 891  862  828  854  878  915  834  911  917  883  ]
34 - [ 854  942  934  949  917  929  927  940  944  883  ]
35 - [ 968  966  958  973  965  952  917  949  942  960  ]
36 - [ 983  973  952  990  917  997  942  981  949  978  ]
37 - [ 1024  973  949  1007  1000  997  990  1021  952  1009  ]
38 - [ 952  973  1000  1044  1034  1009  1047  1032  990  1039  ]
39 - [ 1051  1000  1073  1047  1064  952  973  1032  1057  1062  ]
40 - [ 1102  1095  1032  1047  1057  1000  1062  1097  1090  1081  ]
41 - [ 1097  1095  1113  1119  1047  1032  1000  1106  1116  1123  ]
42 - [ 1138  1123  1106  1134  1113  1136  1144  1116  1129  1147  ]
43 - [ 1113  1158  1165  1106  1171  1160  1116  1155  1178  1163  ]
44 - [ 1165  1182  1171  1194  1178  1199  1113  1180  1184  1163  ]
45 - [ 1163  1207  1228  1223  1205  1220  1171  1113  1226  1210  ]
46 - [ 1247  1223  1210  1171  1231  1240  1205  1238  1250  1220  ]
47 - [ 1223  1250  1275  1261  1210  1238  1270  1273  1259  1247  ]
48 - [ 1223  1299  1287  1281  1290  1294  1292  1247  1284  1259  ]
49 - [ 1306  1287  1299  1311  1223  1317  1284  1247  1323  1321  ]
50 - [ 1247  1317  1337  1306  1311  1344  1330  1323  1325  1287  ]
51 - [ 1353  1317  1369  1365  1364  1287  1337  1330  1356  1311  ]
52 - [ 1311  1399  1378  1337  1387  1384  1404  1317  1330  1396  ]
53 - [ 1396  1387  1430  1399  1422  1419  1384  1421  1311  1337  ]
54 - [ 1384  1450  1443  1387  1454  1430  1440  1399  1452  1311  ]
55 - [ 1476  1466  1461  1384  1483  1481  1484  1474  1454  1399  ]
56 - [ 1500  1466  1476  1496  1487  1489  1483  1494  1492  1454  ]
57 - [ 1517  1500  1511  1529  1454  1489  1522  1535  1492  1527  ]
58 - [ 1454  1555  1500  1564  1529  1535  1556  1541  1544  1540  ]
59 - [ 1577  1454  1540  1588  1572  1575  1579  1582  1544  1541  ]
60 - [ 1541  1572  1597  1604  1609  1454  1602  1544  1606  1575  ]
61 - [ 1544  1606  1628  1632  1454  1626  1635  1637  1621  1609  ]
62 - [ 1544  1609  1606  1621  1647  1644  1650  1653  1635  1655  ]
63 - [ 1609  1684  1621  1650  1668  1655  1669  1647  1680  1544  ]
64 - [ 1692  1669  1650  1609  1544  1700  1694  1707  1702  1647  ]
65 - [ 1715  1712  1544  1650  1732  1723  1727  1707  1729  1609  ]
66 - [ 1745  1750  1650  1729  1753  1727  1723  1760  1747  1707  ]
67 - [ 1782  1753  1762  1745  1747  1768  1650  1772  1765  1780  ]
68 - [ 1768  1794  1799  1762  1765  1809  1804  1747  1807  1753  ]
69 - [ 1807  1768  1753  1799  1819  1809  1832  1762  1811  1747  ]
70 - [ 1809  1753  1855  1850  1762  1807  1860  1841  1747  1858  ]
71 - [ 1841  1753  1870  1886  1858  1809  1865  1862  1850  1855  ]
72 - [ 1855  1898  1850  1891  1886  1809  1753  1908  1865  1858  ]
73 - [ 1898  1886  1855  1919  1922  1858  1924  1926  1753  1915  ]
74 - [ 1924  1915  1947  1944  1898  1855  1954  1941  1922  1926  ]
75 - [ 1944  1915  1926  1987  1898  1970  1964  1947  1967  1954  ]
76 - [ 1947  1987  2003  2008  1997  1915  1954  1989  1926  1994  ]
77 - [ 2008  2015  1989  1994  1947  2003  2032  2022  1987  1954  ]
78 - [ 2015  2041  2047  2003  2061  2008  1994  1947  2055  1989  ]
79 - [ 2055  2079  2081  2061  2003  2073  1947  2068  2086  2071  ]
80 - [ 2055  2112  2086  2096  2099  2110  2079  2094  2081  2003  ]
81 - [ 2086  2129  2112  2003  2099  2126  2131  2123  2081  2138  ]
82 - [ 2086  2143  2123  2159  2151  2129  2161  2126  2138  2081  ]
83 - [ 2086  2151  2178  2180  2143  2129  2126  2159  2081  2186  ]
84 - [ 2204  2126  2143  2186  2212  2202  2081  2209  2159  2086  ]
85 - [ 2225  2126  2229  2143  2202  2231  2212  2159  2223  2234  ]
86 - [ 2234  2223  2143  2229  2247  2231  2266  2261  2256  2259  ]
87 - [ 2247  2274  2281  2284  2287  2261  2234  2290  2231  2293  ]
88 - [ 2295  2261  2231  2290  2287  2315  2293  2307  2310  2247  ]
89 - [ 2320  2287  2341  2324  2310  2329  2332  2326  2295  2261  ]
90 - [ 2358  2364  2355  2332  2310  2353  2351  2287  2348  2341  ]
91 - [ 2351  2287  2332  2380  2372  2310  2382  2374  2378  2341  ]
92 - [ 2372  2407  2393  2351  2378  2310  2396  2332  2412  2405  ]
93 - [ 2432  2437  2440  2396  2435  2351  2412  2332  2407  2372  ]
94 - [ 2372  2467  2445  2461  2396  2448  2432  2407  2464  2456  ]
95 - [ 2483  2478  2407  2445  2467  2471  2485  2432  2476  2461  ]
96 - [ 2509  2476  2506  2512  2520  2517  2471  2485  2503  2496  ]
97 - [ 2496  2476  2485  2534  2506  2524  2503  2537  2471  2529  ]
98 - [ 2537  2503  2568  2551  2534  2549  2471  2529  2563  2506  ]
99 - [ 2583  2586  2568  2503  2551  2529  2575  2591  2578  2534  ]
