0 - [ 14  5  3  6  ]
1 - [ 14  14  3  5  6  ]
2 - [ 29  3  6  14  14  5  ]
3 - [ 44  29  14  14  3  5  6  ]
4 - [ 61  44  29  14  14  5  3  6  ]
5 - [ 85  61  61  44  29  14  14  3  5  6  ]
6 - [ 61  85  61  85  109  106  61  112  61  44  ]
7 - [ 145  154  61  85  61  61  109  85  61  112  ]
8 - [ 165  154  145  61  85  61  61  61  85  109  ]
9 - [ 165  165  196  145  154  61  61  85  61  61  ]
10 - [ 165  196  165  226  165  225  234  196  165  145  ]
11 - [ 270  261  226  165  196  196  165  165  165  234  ]
12 - [ 286  297  261  288  270  261  270  165  165  165  ]
13 - [ 328  320  297  288  261  286  261  270  270  165  ]
14 - [ 346  320  328  288  261  270  297  286  261  270  ]
15 - [ 346  379  373  346  320  328  261  261  270  270  ]
16 - [ 406  403  412  346  346  373  379  328  320  261  ]
17 - [ 432  438  406  412  403  346  373  346  379  320  ]
18 - [ 462  438  432  412  403  406  373  346  346  379  ]
19 - [ 462  462  432  438  403  412  406  346  346  379  ]
20 - [ 524  462  462  432  438  412  403  406  346  346  ]
21 - [ 554  524  462  462  432  438  403  412  406  346  ]
22 - [ 581  554  524  462  462  438  432  412  403  406  ]
23 - [ 581  581  554  524  462  462  432  438  403  412  ]
24 - [ 641  581  581  554  524  462  462  432  438  412  ]
25 - [ 524  677  462  671  641  581  462  554  641  581  ]
26 - [ 726  677  641  641  671  581  581  554  524  462  ]
27 - [ 726  641  671  641  677  581  581  554  524  462  ]
28 - [ 726  726  759  641  641  671  677  581  581  554  ]
29 - [ 798  726  726  759  677  641  671  641  581  581  ]
30 - [ 819  798  759  726  726  641  671  641  677  581  ]
31 - [ 851  819  798  759  726  726  641  671  677  641  ]
32 - [ 851  726  671  879  641  726  798  759  641  819  ]
33 - [ 879  879  851  819  798  759  726  726  641  641  ]
34 - [ 939  879  879  851  819  798  759  726  726  641  ]
35 - [ 939  879  879  851  819  798  759  726  726  641  ]
36 - [ 939  999  939  879  879  851  819  798  726  726  ]
37 - [ 939  999  939  879  879  851  819  798  726  726  ]
38 - [ 939  939  999  879  879  851  819  798  726  726  ]
39 - [ 939  999  939  879  879  851  819  798  726  726  ]
40 - [ 1125  1119  939  999  939  879  879  851  819  798  ]
41 - [ 1119  1125  999  939  939  879  879  851  819  798  ]
42 - [ 1125  1125  1119  1119  999  939  939  879  879  851  ]
43 - [ 1125  1119  1119  1125  1213  1119  1125  1216  1125  1119  ]
44 - [ 1125  1125  1216  1119  1119  1125  1213  1125  1119  1119  ]
45 - [ 1278  1284  1290  1275  1119  1125  1125  1119  1119  1125  ]
46 - [ 1305  1290  1278  1284  1275  1125  1119  1119  1125  1125  ]
47 - [ 1305  1305  1334  1290  1278  1284  1275  1125  1125  1125  ]
48 - [ 1305  1305  1334  1278  1290  1275  1284  1125  1125  1125  ]
49 - [ 1394  1305  1334  1305  1278  1284  1275  1290  1125  1125  ]
50 - [ 1394  1305  1334  1305  1278  1284  1290  1275  1125  1125  ]
51 - [ 1394  1394  1456  1334  1305  1305  1278  1290  1275  1284  ]
52 - [ 1480  1394  1456  1394  1334  1305  1305  1290  1284  1278  ]
53 - [ 1480  1394  1456  1394  1305  1305  1334  1278  1290  1284  ]
54 - [ 1480  1394  1394  1456  1305  1334  1305  1290  1278  1284  ]
55 - [ 1480  1456  1394  1394  1305  1305  1334  1290  1284  1278  ]
56 - [ 1480  1456  1394  1394  1334  1305  1305  1284  1290  1278  ]
57 - [ 1480  1394  1394  1456  1334  1305  1305  1290  1278  1284  ]
58 - [ 1480  1394  1394  1456  1334  1305  1305  1290  1278  1284  ]
59 - [ 1692  1480  1480  1456  1394  1394  1305  1305  1334  1278  ]
60 - [ 1733  1692  1480  1480  1394  1456  1394  1305  1334  1305  ]
61 - [ 1755  1733  1692  1480  1480  1456  1394  1394  1305  1305  ]
62 - [ 1755  1733  1480  1480  1692  1456  1394  1394  1305  1305  ]
63 - [ 1755  1733  1692  1480  1480  1394  1456  1394  1305  1305  ]
64 - [ 1755  1755  1733  1480  1692  1480  1456  1394  1394  1305  ]
65 - [ 1755  1755  1733  1692  1480  1480  1456  1394  1394  1305  ]
66 - [ 1898  1755  1755  1733  1692  1480  1480  1456  1394  1394  ]
67 - [ 1898  1898  1755  1755  1733  1480  1692  1480  1394  1394  ]
68 - [ 1955  1898  1898  1755  1755  1733  1480  1692  1480  1394  ]
69 - [ 1955  1898  1898  1755  1755  1733  1480  1692  1480  1394  ]
70 - [ 2015  1955  1898  1898  1755  1755  1733  1480  1692  1480  ]
71 - [ 2015  1955  1898  1898  1755  1755  1733  1480  1692  1480  ]
72 - [ 2015  1955  1898  1898  1755  1755  1733  1692  1480  1480  ]
73 - [ 2015  1955  1898  1898  1755  1755  1733  1692  1480  1480  ]
74 - [ 2134  2015  1955  1898  1898  1755  1755  1733  1480  1480  ]
75 - [ 2134  2015  1955  1898  1898  1755  1755  1733  1480  1480  ]
76 - [ 2134  2015  1955  1898  1898  1755  1755  1733  1480  1480  ]
77 - [ 2134  2015  1955  1898  1898  1755  1755  1733  1480  1480  ]
78 - [ 2134  2015  1955  1898  1898  1755  1755  1733  1480  1480  ]
79 - [ 2134  2015  1955  1898  1898  1755  1755  1733  1480  1480  ]
80 - [ 2134  2015  1955  1898  1898  1755  1755  1733  1480  1480  ]
81 - [ 2134  2015  1955  1898  1898  1755  1755  1733  1480  1480  ]
82 - [ 2134  2015  1955  1898  1898  1755  1755  1733  1480  1480  ]
83 - [ 2134  2015  1955  1898  1898  1755  1755  1733  1480  1480  ]
84 - [ 2134  2015  1955  1898  1898  1755  1755  1733  1480  1480  ]
85 - [ 2134  2015  1955  1898  1898  1755  1755  1733  1480  1480  ]
86 - [ 2134  2015  1955  1898  1898  1755  1755  1733  1480  1480  ]
87 - [ 2134  2015  1955  1898  1898  1755  1755  1733  1480  1480  ]
88 - [ 1480  2015  1480  2134  1733  1755  1898  1898  1755  1955  ]
89 - [ 2134  2015  1955  1898  1898  1755  1755  1733  1480  1480  ]
90 - [ 2134  2015  1955  1898  1898  1755  1755  1733  1480  1480  ]
91 - [ 2134  2015  1955  1898  1898  1755  1755  1733  1480  1480  ]
92 - [ 2134  2015  1955  1898  1898  1755  1755  1733  1480  1480  ]
93 - [ 2134  2015  1955  1898  1898  1755  1755  1733  1480  1480  ]
94 - [ 2134  2015  1955  1898  1898  1755  1755  1733  1480  1480  ]
95 - [ 2134  2015  1955  1898  1898  1755  1755  1733  1480  1480  ]
96 - [ 2134  2015  1955  1898  1898  1755  1755  1733  1480  1480  ]
97 - [ 2134  2015  1955  1898  1898  1755  1755  1733  1480  1480  ]
98 - [ 2134  2015  1955  1898  1898  1755  1755  1733  1480  1480  ]
99 - [ 2134  2015  1955  1898  1898  1755  1755  1733  1480  1480  ]
