0 - [ 11  13  15  2  5  17  1  6  10  18  ]
1 - [ 11  33  19  13  21  24  30  22  15  2  ]
2 - [ 41  21  39  47  13  43  45  19  11  33  ]
3 - [ 43  66  62  47  64  39  13  71  33  59  ]
4 - [ 89  64  13  66  83  99  95  62  91  39  ]
5 - [ 107  64  95  101  89  119  115  39  113  109  ]
6 - [ 113  119  133  127  123  129  89  138  95  107  ]
7 - [ 127  133  123  138  157  129  155  142  153  151  ]
8 - [ 127  157  169  179  165  155  163  129  171  173  ]
9 - [ 197  179  129  169  201  193  185  189  171  187  ]
10 - [ 205  187  209  219  193  169  171  189  207  179  ]
11 - [ 238  229  187  209  227  223  205  179  207  231  ]
12 - [ 229  209  256  252  260  205  258  250  227  207  ]
13 - [ 209  270  274  278  227  282  256  264  252  280  ]
14 - [ 256  300  288  278  296  284  280  264  298  286  ]
15 - [ 308  322  310  278  316  304  284  296  314  298  ]
16 - [ 304  296  324  330  308  314  322  338  333  331  ]
17 - [ 338  308  351  333  330  357  355  347  359  353  ]
18 - [ 355  371  353  381  367  383  308  369  377  333  ]
19 - [ 369  391  333  367  387  395  393  381  389  397  ]
20 - [ 421  333  395  397  369  387  407  393  391  381  ]
21 - [ 427  391  443  407  441  333  435  393  437  395  ]
22 - [ 453  457  463  461  465  427  459  437  455  393  ]
23 - [ 465  459  463  483  427  471  469  455  473  461  ]
24 - [ 471  473  483  487  463  459  498  495  465  455  ]
25 - [ 521  473  463  517  465  508  523  519  525  455  ]
26 - [ 533  539  529  535  541  543  545  525  537  508  ]
27 - [ 565  508  561  529  533  545  539  557  553  559  ]
28 - [ 533  557  573  553  583  508  587  585  539  565  ]
29 - [ 589  597  587  605  508  585  557  565  591  601  ]
30 - [ 585  589  621  591  565  611  613  601  617  615  ]
31 - [ 635  648  645  631  639  647  611  629  601  589  ]
32 - [ 666  664  589  668  647  639  662  601  635  648  ]
33 - [ 662  670  676  684  664  686  672  589  647  635  ]
34 - [ 664  699  676  707  701  692  709  703  670  694  ]
35 - [ 670  727  717  703  715  676  694  711  721  701  ]
36 - [ 736  738  735  676  717  727  747  694  711  715  ]
37 - [ 773  717  715  736  694  727  761  676  757  711  ]
38 - [ 736  793  789  787  757  779  791  773  761  785  ]
39 - [ 785  807  805  736  793  787  757  761  812  814  ]
40 - [ 820  833  787  831  736  824  826  814  822  816  ]
41 - [ 856  841  855  845  736  843  847  831  833  816  ]
42 - [ 862  841  860  847  856  866  736  858  855  845  ]
43 - [ 855  878  858  880  845  896  847  892  884  841  ]
44 - [ 880  855  878  884  906  908  845  900  915  913  ]
45 - [ 913  845  938  919  878  926  923  880  900  932  ]
46 - [ 938  919  950  946  940  913  845  944  948  942  ]
47 - [ 966  938  913  944  845  970  974  940  972  942  ]
48 - [ 970  993  987  913  938  972  966  942  940  991  ]
49 - [ 987  1015  966  942  1003  991  1001  940  1009  1011  ]
50 - [ 1037  1029  942  1027  1025  966  1011  1035  1033  1023  ]
51 - [ 1037  1041  1035  1053  966  1055  1011  1057  1047  1029  ]
52 - [ 1041  1063  1071  966  1079  1055  1073  1065  1077  1035  ]
53 - [ 1077  1094  1102  1085  1041  1035  1065  1100  1063  1090  ]
54 - [ 1035  1041  1094  1100  1114  1077  1108  1122  1085  1120  ]
55 - [ 1122  1128  1085  1124  1035  1142  1140  1126  1108  1130  ]
56 - [ 1130  1146  1163  1140  1124  1122  1085  1128  1148  1035  ]
57 - [ 1085  1122  1163  1167  1183  1175  1035  1181  1146  1171  ]
58 - [ 1185  1199  1193  1085  1183  1187  1035  1181  1167  1171  ]
59 - [ 1085  1215  1221  1183  1217  1193  1035  1199  1185  1167  ]
60 - [ 1035  1226  1242  1185  1221  1217  1183  1234  1236  1199  ]
61 - [ 1035  1185  1248  1217  1183  1226  1260  1246  1236  1262  ]
62 - [ 1282  1183  1266  1248  1226  1274  1268  1260  1217  1185  ]
63 - [ 1282  1299  1268  1217  1303  1292  1301  1295  1294  1297  ]
64 - [ 1315  1309  1303  1317  1295  1294  1307  1311  1268  1217  ]
65 - [ 1335  1307  1217  1333  1346  1329  1344  1303  1317  1331  ]
66 - [ 1303  1317  1353  1344  1355  1333  1335  1367  1307  1346  ]
67 - [ 1384  1303  1375  1335  1333  1344  1355  1317  1371  1346  ]
68 - [ 1396  1408  1410  1398  1395  1375  1346  1344  1384  1317  ]
69 - [ 1346  1412  1375  1396  1424  1430  1422  1428  1426  1420  ]
70 - [ 1434  1446  1440  1346  1424  1450  1412  1426  1420  1432  ]
71 - [ 1450  1424  1468  1412  1460  1462  1452  1420  1346  1440  ]
72 - [ 1346  1478  1488  1482  1452  1460  1486  1490  1468  1476  ]
73 - [ 1490  1492  1500  1346  1486  1452  1460  1510  1468  1508  ]
74 - [ 1490  1460  1346  1508  1525  1492  1516  1529  1512  1518  ]
75 - [ 1541  1539  1545  1525  1516  1547  1512  1518  1535  1549  ]
76 - [ 1569  1516  1545  1557  1518  1561  1571  1539  1512  1547  ]
77 - [ 1569  1545  1573  1518  1592  1588  1557  1539  1547  1586  ]
78 - [ 1569  1602  1606  1610  1557  1545  1547  1573  1598  1608  ]
79 - [ 1616  1569  1610  1606  1620  1622  1631  1602  1627  1557  ]
80 - [ 1653  1646  1642  1651  1638  1616  1644  1606  1656  1557  ]
81 - [ 1557  1656  1662  1653  1672  1674  1606  1660  1644  1670  ]
82 - [ 1557  1656  1674  1696  1672  1653  1682  1660  1680  1670  ]
83 - [ 1706  1660  1682  1557  1656  1716  1712  1718  1714  1696  ]
84 - [ 1738  1706  1730  1722  1726  1660  1734  1714  1716  1682  ]
85 - [ 1742  1722  1746  1730  1738  1726  1744  1740  1714  1752  ]
86 - [ 1774  1762  1776  1730  1764  1740  1768  1742  1744  1770  ]
87 - [ 1795  1768  1762  1790  1782  1784  1744  1764  1788  1776  ]
88 - [ 1788  1795  1784  1782  1776  1811  1768  1815  1803  1764  ]
89 - [ 1815  1842  1825  1829  1832  1776  1768  1788  1811  1784  ]
90 - [ 1842  1850  1829  1844  1858  1811  1784  1846  1854  1852  ]
91 - [ 1864  1850  1844  1846  1883  1854  1866  1868  1874  1872  ]
92 - [ 1846  1885  1854  1874  1866  1891  1889  1883  1899  1893  ]
93 - [ 1846  1854  1885  1866  1922  1913  1905  1915  1920  1883  ]
94 - [ 1938  1926  1936  1854  1885  1922  1915  1913  1846  1866  ]
95 - [ 1926  1885  1954  1950  1854  1948  1922  1952  1960  1913  ]
96 - [ 1950  1922  1972  1974  1968  1948  1854  1984  1966  1952  ]
97 - [ 1994  1948  1992  1974  2000  1988  1984  1922  1990  2002  ]
98 - [ 1948  2010  2008  1974  1984  2006  1990  2002  1922  2024  ]
99 - [ 2044  2036  1948  2034  2002  2026  2006  2038  2028  2030  ]
