15.4489	2770.1000	15.4489	2770.1000	15.4489	2770.1000	
15.2909	2770.1000	15.2553	2770.1000	15.2553	2770.1000	
15.2514	2770.1000	15.2553	2770.1000	15.2553	2770.1000	
15.2553	2770.1000	15.2553	2770.1000	15.2553	2770.1000	
15.2514	2770.1000	15.2514	2770.1000	15.2514	2770.1000	
15.2514	2770.1000	15.2514	2770.1000	15.2514	2770.1000	
15.2514	2770.1000	15.2514	2770.1000	15.2514	2770.1000	
15.0710	2770.1000	15.0697	2770.1000	15.0697	2770.1000	
14.9077	2770.1000	15.0697	2770.1000	15.0697	2770.1000	
14.9077	2770.1000	14.9090	2770.1000	14.9077	2770.1000	
14.9077	2770.1000	14.9090	2770.1000	14.9090	2770.1000	
14.9077	2770.1000	14.9077	2770.1000	14.9077	2770.1000	
14.7616	2770.1000	14.8959	2770.1000	14.8959	2770.1000	
14.7892	2770.1000	14.7892	2770.1000	14.7616	2770.1000	
14.7616	2770.1000	14.7616	2770.1000	14.7616	2770.1000	
14.7616	2770.1000	14.7616	2770.1000	14.6292	2770.1000	
14.6292	2770.1000	14.5107	2770.1000	14.6292	2770.1000	
14.5107	2770.1000	14.5120	2770.1000	14.5107	2770.1000	
14.5107	2770.1000	14.5120	2770.1000	14.5107	2770.1000	
14.5107	2770.1000	14.5107	2770.1000	14.5107	2770.1000	
14.5009	2770.1000	14.5022	2770.1000	14.5009	2770.1000	
14.5009	2770.1000	14.5022	2770.1000	14.5009	2770.1000	
14.5009	2770.1000	14.5009	2770.1000	14.5009	2770.1000	
14.5009	2770.1000	14.5009	2770.1000	14.5009	2770.1000	
14.5009	2770.1000	14.5009	2770.1000	14.5009	2770.1000	
14.5009	2770.1000	14.5009	2770.1000	14.5009	2770.1000	
14.5009	2770.1000	14.5009	2770.1000	14.5009	2770.1000	
14.5009	2770.1000	14.5009	2770.1000	14.5009	2770.1000	
14.5009	2770.1000	14.5009	2770.1000	14.5009	2770.1000	
14.5009	2770.1000	14.5009	2770.1000	14.5009	2770.1000	
14.5009	2770.1000	14.5009	2770.1000	14.5009	2770.1000	
14.5009	2770.1000	14.5009	2770.1000	14.5009	2770.1000	
14.5009	2770.1000	14.5009	2770.1000	14.5009	2770.1000	
14.5009	2770.1000	14.5009	2770.1000	14.5009	2770.1000	
14.5009	2770.1000	14.5009	2770.1000	14.5009	2770.1000	
14.5009	2770.1000	14.5009	2770.1000	14.5009	2770.1000	
14.5009	2770.1000	14.5009	2770.1000	14.5009	2770.1000	
14.5009	2770.1000	14.5009	2770.1000	14.5009	2770.1000	
14.5009	2770.1000	14.5009	2770.1000	14.5009	2770.1000	
14.5009	2770.1000	14.5009	2770.1000	14.5009	2770.1000	
14.5009	2770.1000	14.5009	2770.1000	14.5009	2770.1000	
14.5009	2770.1000	14.5009	2770.1000	14.5009	2770.1000	
14.5009	2770.1000	14.5009	2770.1000	14.5009	2770.1000	
14.5009	2770.1000	14.5009	2770.1000	14.5009	2770.1000	
14.5009	2770.1000	14.5009	2770.1000	14.5009	2770.1000	
14.5009	2770.1000	14.5009	2770.1000	14.5009	2770.1000	
14.5009	2770.1000	14.5009	2770.1000	14.5009	2770.1000	
14.5009	2770.1000	14.5009	2770.1000	14.5009	2770.1000	
14.5009	2770.1000	14.5009	2770.1000	14.5009	2770.1000	
14.5009	2770.1000	14.5009	2770.1000	14.5009	2770.1000	
14.5009	2770.1000	14.5009	2770.1000	14.5009	2770.1000	
14.5009	2770.1000	14.5009	2770.1000	14.5009	2770.1000	
14.5009	2770.1000	14.5009	2770.1000	14.5009	2770.1000	
14.5009	2770.1000	14.5009	2770.1000	14.5009	2770.1000	
14.5009	2770.1000	14.5009	2770.1000	14.5009	2770.1000	
14.5009	2770.1000	14.5009	2770.1000	14.5009	2770.1000	
14.5009	2770.1000	14.5009	2770.1000	14.5009	2770.1000	
14.5009	2770.1000	14.5009	2770.1000	14.5009	2770.1000	
14.5009	2770.1000	14.5009	2770.1000	14.5009	2770.1000	
14.5009	2770.1000	14.5009	2770.1000	14.5009	2770.1000	
14.5009	2770.1000	14.5009	2770.1000	14.5009	2770.1000	
14.5009	2770.1000	14.5009	2770.1000	14.5009	2770.1000	
14.5009	2770.1000	14.5009	2770.1000	14.5009	2770.1000	
14.5009	2770.1000	14.5009	2770.1000	14.5009	2770.1000	
14.5009	2770.1000	14.5009	2770.1000	14.5009	2770.1000	
14.5009	2770.1000	14.5009	2770.1000	14.5009	2770.1000	
14.5009	2770.1000	14.5009	2770.1000	14.5009	2770.1000	
14.5009	2770.1000	14.5009	2770.1000	14.5009	2770.1000	
14.5009	2770.1000	14.5009	2770.1000	14.5009	2770.1000	
14.5009	2770.1000	14.5009	2770.1000	14.5009	2770.1000	
14.5009	2770.1000	14.5009	2770.1000	14.5009	2770.1000	
14.5009	2770.1000	14.5009	2770.1000	14.5009	2770.1000	
14.5009	2770.1000	14.5009	2770.1000	14.5009	2770.1000	
14.5009	2770.1000	14.5009	2770.1000	14.5009	2770.1000	
14.5009	2770.1000	14.5009	2770.1000	14.5009	2770.1000	
14.5009	2770.1000	14.5009	2770.1000	14.5009	2770.1000	
14.5009	2770.1000	14.5009	2770.1000	14.5009	2770.1000	
14.5009	2770.1000	14.5009	2770.1000	14.5009	2770.1000	
14.5009	2770.1000	14.5009	2770.1000	14.5009	2770.1000	
14.5009	2770.1000	14.5009	2770.1000	14.5009	2770.1000	
14.5009	2770.1000	14.5009	2770.1000	14.5009	2770.1000	
14.5009	2770.1000	14.5009	2770.1000	14.5009	2770.1000	
14.5009	2770.1000	14.5009	2770.1000	14.5009	2770.1000	
14.5009	2770.1000	14.5009	2770.1000	14.5009	2770.1000	
14.5009	2770.1000	14.5009	2770.1000	14.5009	2770.1000	
14.5009	2770.1000	14.5009	2770.1000	14.5009	2770.1000	
14.5009	2770.1000	14.5009	2770.1000	14.5009	2770.1000	
14.5009	2770.1000	14.5009	2770.1000	14.5009	2770.1000	
14.5009	2770.1000	14.5009	2770.1000	14.5009	2770.1000	
14.5009	2770.1000	14.5009	2770.1000	14.5009	2770.1000	
14.5009	2770.1000	14.5009	2770.1000	14.5009	2770.1000	
14.5009	2770.1000	14.5009	2770.1000	14.5009	2770.1000	
14.5009	2770.1000	14.5009	2770.1000	14.5009	2770.1000	
14.5009	2770.1000	14.5009	2770.1000	14.5009	2770.1000	
14.5009	2770.1000	14.5009	2770.1000	14.5009	2770.1000	
14.5009	2770.1000	14.5009	2770.1000	14.5009	2770.1000	
14.5009	2770.1000	14.5009	2770.1000	14.5009	2770.1000	
14.5009	2770.1000	14.5009	2770.1000	14.5009	2770.1000	
14.5009	2770.1000	14.5009	2770.1000	14.5009	2770.1000	
14.5009	2770.1000	14.5009	2770.1000	14.5009	2770.1000	
