0 - [ 138  113  93  158  143  ]
1 - [ 190  205  199  207  ]
2 - [ 226  212  232  229  214  231  216  218  ]
3 - [ 247  263  257  239  261  243  245  252  237  249  268  254  234  265  259  ]
4 - [ 287  281  336  319  331  333  317  328  335  278  274  291  312  325  276  ]
5 - [ 341  363  385  347  350  352  380  382  404  394  406  345  339  392  360  ]
6 - [ 464  440  424  469  447  463  472  413  489  449  433  453  485  481  430  ]
7 - [ 501  509  535  ]
8 - [ 567  570  565  573  568  ]
9 - [ 582  598  594  593  ]
10 - [ 607  609  611  613  605  615  601  ]
11 - [ 641  634  636  643  638  630  640  649  622  618  628  647  620  ]
12 - [ 694  711  672  695  700  698  ]
13 - [ 724  727  739  732  ]
14 - [ 753  758  760  750  745  752  764  ]
15 - [ 788  770  774  780  784  795  778  793  768  ]
16 - [ 798  817  812  ]
17 - [ 847  852  850  ]
18 - [ 870  872  866  875  863  861  868  865  860  869  ]
19 - [ 903  920  906  886  914  909  882  912  925  884  923  901  ]
20 - [ 976  938  950  971  936  965  ]
21 - [ 988  990  998  1014  986  1012  993  991  995  1003  1004  1000  1006  997  1009  ]
22 - [ 1026  1024  1059  1057  1021  1035  1082  1043  1028  1055  1039  1070  1068  1065  1041  ]
23 - [ 1093  1141  1105  1088  1132  1130  1091  1108  1099  1127  1116  1135  1139  1112  1137  ]
24 - [ 1201  1167  1195  1183  1175  1162  1185  1203  1216  1169  1218  1214  1173  1210  1187  ]
25 - [ 1235  1260  1307  1292  1305  1255  1299  1290  1265  1275  1282  1295  1232  1278  1253  ]
26 - [ 1359  1309  1353  1314  1347  1316  1361  1321  1356  1311  1373  1341  1363  1327  1371  ]
27 - [ 1447  1413  1392  1376  1384  1426  1382  1439  1415  1431  1405  1397  1436  1411  1399  ]
28 - [ 1475  1470  1527  1509  1491  1525  1518  1496  1520  1467  1453  1523  1479  1472  1513  ]
29 - [ 1598  1579  1531  1571  1547  1563  1577  1573  1593  1529  1583  1548  1596  1591  1588  ]
30 - [ 1660  1654  1662  1603  1611  1614  1652  1674  1629  1609  1623  1635  1664  1670  1632  ]
31 - [ 1710  1703  1734  1718  1723  1688  1695  1714  1683  1738  1741  1700  1712  1743  1729  ]
32 - [ 1751  1749  1766  1810  1786  1756  1816  1788  1753  1800  1764  1807  1791  1775  1812  ]
33 - [ 1848  1885  1841  1823  1881  1838  1867  1865  1889  1863  1843  1821  1825  1872  1859  ]
34 - [ 1891  1918  1921  1950  1914  1947  1894  1911  1902  1928  1945  1939  1916  1930  1908  ]
35 - [ 2014  1970  1962  2029  1973  1992  1990  2024  2006  1995  1998  2010  1966  1963  1980  ]
36 - [ 2074  2036  2068  2086  2052  2103  2064  2060  2044  2105  2071  2096  2091  2047  2083  ]
37 - [ 2160  2171  2163  2167  2154  2179  2120  2177  2127  2122  2130  2132  2144  2108  2150  ]
38 - [ 2183  2227  2211  2222  2237  2225  2220  2247  2209  2245  2250  2242  2197  2232  2190  ]
39 - [ 2312  2325  2314  2277  2271  2308  2319  2284  2323  2296  2299  2287  2269  2306  2280  ]
40 - [ 2335  2350  2400  2391  2337  2393  2347  2383  2377  2366  2344  2352  2333  2398  2357  ]
41 - [ 2454  2416  2404  2471  2439  2444  2480  2408  2425  2482  2478  2460  2405  2456  2432  ]
42 - [ 2506  2515  2510  2489  2537  2500  2504  2519  2551  2484  2546  2539  2502  2494  2524  ]
43 - [ 2605  2572  2596  2558  2584  2594  2586  2592  2590  2579  2556  2614  2577  2602  2553  ]
44 - [ 2670  2644  2646  2674  2642  2691  2651  2677  2666  2664  2694  2628  2679  2672  2662  ]
45 - [ 2746  2761  2741  2765  2767  2720  2701  2757  2759  2706  2728  2698  2718  2696  2754  ]
46 - [ 2787  2825  2823  2818  2814  2791  2783  2827  2781  2795  2837  2816  2793  2812  2800  ]
47 - [ 2903  2858  2880  2845  2894  2856  2852  2898  2850  2848  2869  2887  2841  2862  2908  ]
48 - [ 2928  2939  2940  2937  2910  2960  2949  2914  2981  2926  2920  2934  2956  2971  2979  ]
49 - [ 3014  3005  3038  3010  3042  3032  2998  3026  3019  2994  2983  3001  3023  3012  3021  ]
50 - [ 3061  3084  3086  3058  3105  3056  3097  3054  3095  3088  3080  3068  3092  3116  3082  ]
51 - [ 3205  3191  3167  3171  3131  3184  3153  3156  3151  3149  3182  3143  3177  3137  3180  ]
52 - [ 3249  3254  3234  3251  3207  3273  3242  3264  3212  3262  3220  3215  3275  3240  3222  ]
53 - [ 3289  3312  3306  3333  3279  3277  3330  3349  3302  3320  3315  3322  3347  3318  3340  ]
54 - [ 3418  3406  3375  3422  3391  3385  3362  3408  3420  3389  3381  3367  3411  3377  3415  ]
55 - [ 3473  3439  3497  3444  3495  3457  3489  3476  3459  3480  3486  3448  3426  3462  3483  ]
56 - [ 3532  3559  3521  3540  3501  3562  3573  3546  3516  3518  3514  3553  3506  3571  3537  ]
57 - [ 3648  3580  3593  3643  3608  3601  3651  3606  3598  3604  3615  3631  3582  3619  3621  ]
58 - [ 3657  3659  3708  3669  3700  3727  3696  3703  3713  3684  3667  3682  3690  3655  3693  ]
59 - [ 3751  3757  3735  3776  3753  3745  3733  3791  3788  3795  3774  3729  3785  3760  3755  ]
60 - [ 3836  3852  3841  3804  3827  3802  3813  3815  3833  3817  3829  3867  3824  3838  3843  ]
61 - [ 3895  3930  3890  3921  3911  3897  3902  3905  3898  3928  3913  3907  3918  3941  3945  ]
62 - [ 3961  3963  4011  4008  3975  3996  3988  3965  3978  3986  4020  4013  4001  4016  3992  ]
63 - [ 4100  4049  4105  4079  4038  4074  4059  4040  4062  4098  4077  4056  4054  4070  4065  ]
64 - [ 4110  4143  4174  4164  4151  4159  4153  4118  4179  4128  4134  4167  4155  4132  4171  ]
65 - [ 4206  4217  4189  4212  4187  4183  4225  4235  4219  4227  4245  4233  4202  4198  4229  ]
66 - [ 4267  4326  4262  4316  4257  4318  4288  4306  4281  4269  4320  4291  4279  4276  4272  ]
67 - [ 4345  4396  4348  4389  4335  4398  4358  4385  4388  4370  4382  4366  4384  4392  4356  ]
68 - [ 4468  4421  4436  4408  4450  4413  4453  4429  4456  4440  4466  4406  4458  4464  4472  ]
69 - [ 4516  4474  4483  4490  4500  4488  4519  4511  4509  4493  4539  4505  4525  4528  4476  ]
70 - [ 4614  4583  4552  4616  4572  4575  4612  4590  4588  4586  4599  4609  4559  4581  4603  ]
71 - [ 4650  4676  4628  4653  4624  4665  4691  4648  4669  4634  4622  4642  4662  4646  4637  ]
72 - [ 4752  4710  4736  4747  4703  4697  4755  4720  4763  4715  4734  4699  4759  4708  4739  ]
73 - [ 4805  4809  4818  4838  4813  4802  4772  4791  4798  4768  4803  4815  4783  4824  4807  ]
74 - [ 4846  4908  4840  4874  4889  4842  4884  4852  4892  4844  4904  4855  4857  4877  4862  ]
75 - [ 4947  4971  4933  4960  4912  4923  4942  4914  4968  4920  4925  4977  4918  4979  4962  ]
76 - [ 5023  5030  5021  5039  4999  5012  5036  5049  5046  5009  4984  5016  4994  5004  5018  ]
77 - [ 5058  5065  5053  5072  5102  5124  5085  5069  5092  5109  5077  5075  5119  5105  5126  ]
78 - [ 5165  5152  5199  5162  5188  5129  5155  5203  5170  5182  5157  5167  5186  5193  5177  ]
79 - [ 5249  5205  5216  5270  5255  5228  5230  5266  5274  5220  5209  5276  5260  5247  5239  ]
80 - [ 5316  5311  5309  5343  5303  5278  5296  5324  5349  5329  5313  5345  5326  5280  5333  ]
81 - [ 5357  5415  5373  5402  5365  5405  5413  5391  5395  5385  5380  5382  5424  5378  5418  ]
82 - [ 5446  5473  5469  5453  5467  5492  5458  5428  5462  5477  5475  5484  5448  5480  5495  ]
83 - [ 5512  5542  5510  5505  5553  5538  5535  5503  5564  5540  5517  5533  5498  5544  5548  ]
84 - [ 5593  5614  5607  5626  5628  5589  5635  5580  5598  5566  5568  5618  5621  5615  5638  ]
85 - [ 5644  5678  5705  5697  5690  5668  5686  5692  5664  5656  5659  5666  5703  5651  5681  ]
86 - [ 5733  5762  5730  5715  5744  5781  5746  5757  5778  5776  5773  5753  5740  5748  5759  ]
87 - [ 5824  5785  5800  5788  5837  5855  5843  5853  5845  5816  5839  5847  5802  5791  5818  ]
88 - [ 5863  5867  5921  5927  5890  5925  5907  5877  5887  5865  5869  5895  5923  5902  5860  ]
89 - [ 5959  5953  5946  5932  5930  5944  5974  5986  5990  5980  5948  5988  5937  5993  5963  ]
90 - [ 6053  6051  6059  6013  6009  6027  6022  6011  6005  6037  6061  6035  6068  6029  6063  ]
91 - [ 6077  6108  6137  6084  6127  6123  6110  6079  6098  6125  6118  6131  6143  6106  6101  ]
92 - [ 6212  6208  6167  6193  6164  6160  6187  6177  6182  6205  6153  6157  6173  6200  6146  ]
93 - [ 6263  6289  6225  6222  6275  6227  6265  6278  6241  6239  6256  6292  6246  6232  6252  ]
94 - [ 6299  6351  6303  6361  6324  6312  6308  6332  6349  6370  6316  6314  6321  6346  6301  ]
95 - [ 6431  6372  6401  6437  6429  6435  6421  6413  6382  6424  6393  6376  6419  6384  6395  ]
96 - [ 6454  6482  6487  6469  6480  6445  6457  6465  6472  6503  6501  6499  6467  6474  6494  ]
97 - [ 6572  6548  6539  6580  6529  6517  6577  6514  6574  6526  6531  6546  6521  6512  6559  ]
98 - [ 6635  6632  6603  6625  6605  6585  6627  6592  6588  6637  6590  6619  6650  6653  6616  ]
99 - [ 6715  6700  6685  6678  6723  6690  6668  6655  6703  6720  6673  6662  6671  6706  6666  ]
