1.7798
1.7798
1.7798
1.7798
1.7732
1.7798
1.7798
1.7798
1.7798
1.7798
1.7798
1.7798
1.7728
1.7728
1.7728
1.7731
1.7728
1.7728
1.7728
1.7728
1.7728
1.7728
1.7728
1.7728
1.7728
1.7728
1.7728
1.7728
1.7728
1.7728
1.7728
1.5964
1.7728
1.7728
1.7728
1.7728
1.7728
1.7728
1.7728
1.7728
1.5964
1.7728
1.7728
1.7728
1.7728
1.7728
1.5913
1.5916
1.5913
1.5913
1.5913
1.5913
1.5913
1.5913
1.5913
1.5913
1.5913
1.5913
1.5913
1.5913
1.5913
1.5913
1.5913
1.5913
1.5913
1.5913
1.5913
1.5913
1.5913
1.5913
1.5913
1.5913
1.5913
1.5913
1.5913
1.5913
1.5913
1.5913
1.5913
1.5913
1.4330
1.5913
1.5913
1.5913
1.4333
1.4330
1.4330
1.4330
1.4330
1.4330
1.4330
1.4330
1.4330
1.4330
1.4330
1.4270
1.4330
1.4330
1.4330
1.4330
1.4330
1.4330
1.4270
1.4270
1.4270
1.4270
1.4270
1.4270
1.4270
1.4270
1.4270
1.4270
1.4270
1.4270
1.4270
1.4270
1.4270
1.4270
1.4270
1.4270
1.4270
1.4270
1.4270
1.4270
1.4270
1.2852
1.4270
1.4270
1.4270
1.4270
1.4270
1.4270
1.4270
1.4270
1.4270
1.4270
1.4270
1.4270
1.4270
1.2852
1.2855
1.2852
1.2852
1.2852
1.2800
1.2800
1.2803
1.2800
1.2800
1.2800
1.2800
1.2800
1.2800
1.2800
1.2800
1.2800
1.2800
1.2800
1.2800
1.2800
1.2800
1.2800
1.2800
1.2800
1.2800
1.2800
1.2800
1.2800
1.2800
1.2800
1.2800
1.2800
1.2800
1.1529
1.2800
1.1529
1.2800
1.2800
1.2800
1.2800
1.2800
1.2800
1.2800
1.2800
1.1532
1.1529
1.1529
1.1529
1.1529
1.1529
1.1503
1.1503
1.1505
1.1503
1.1503
1.1503
1.1503
1.1503
1.1503
1.1503
1.1503
1.1503
1.1503
1.1503
1.1503
1.1503
1.1503
1.1503
1.1503
1.1503
1.1503
1.0361
1.1503
1.1503
1.1503
1.0361
1.0295
1.0361
1.0295
1.0295
1.0294
1.0294
1.0294
1.0294
1.0294
1.0294
1.0294
1.0294
1.0294
1.0294
1.0294
1.0294
1.0294
1.0294
1.0294
1.0294
1.0294
1.0294
1.0294
1.0294
1.0294
1.0294
1.0294
1.0294
1.0294
1.0294
1.0294
1.0294
1.0294
1.0294
1.0294
1.0294
1.0294
1.0294
1.0294
1.0294
1.0294
1.0294
1.0294
1.0294
1.0294
1.0294
1.0294
1.0294
1.0294
1.0294
1.0294
0.9274
1.0294
1.0294
1.0294
1.0294
0.9274
0.9274
0.9274
0.9274
0.8357
0.9259
0.8357
0.8357
0.8357
0.8309
0.8305
0.8305
0.8306
0.8305
0.8305
0.8305
0.8305
0.8305
0.8305
0.8305
0.8305
0.8305
0.8305
0.8305
0.8305
0.8305
0.8305
0.8305
0.8305
0.8305
0.8305
0.8305
0.8305
0.8305
0.8305
0.8305
0.7484
0.8305
0.8305
0.8305
0.8305
0.7484
0.7484
0.7441
0.7484
0.7484
0.7484
0.7484
0.7441
0.7441
0.7441
0.7441
0.7444
0.7441
0.7441
0.7441
0.7441
0.7441
0.7441
0.7441
0.7441
0.7441
0.7441
0.7441
0.7441
0.7441
0.7441
0.7441
0.7441
0.7441
0.7441
0.7441
0.7441
0.7441
0.7441
0.7441
0.7441
0.6706
0.7441
0.7441
0.7441
0.7441
0.6666
0.6706
0.6666
0.6666
0.6666
0.6666
0.6666
0.6666
0.6666
0.6666
0.6666
0.6666
0.6666
0.6666
0.6666
0.6666
0.6666
0.6666
0.6666
0.6666
0.6666
0.6666
0.6666
0.6666
0.6666
0.6666
0.6666
0.6666
0.6666
0.6666
0.6666
0.6666
0.6666
0.6666
0.6666
0.6666
0.6666
0.6666
0.6666
0.6666
0.6666
0.6666
0.6666
0.6666
0.6666
0.6666
0.6666
0.6666
0.6009
0.6666
0.6666
0.6666
0.6666
0.6666
0.6666
0.6666
0.6666
0.6666
0.6009
0.5974
0.5974
0.5974
0.5974
0.5974
0.5974
0.5974
0.5974
0.5974
0.5974
0.5974
0.5974
0.5974
0.5974
0.5974
0.5974
0.5974
0.5974
0.5974
0.5974
0.5974
0.5974
0.5974
0.5974
0.5974
0.5974
0.5974
0.5974
0.5974
0.5974
0.5974
0.5974
0.5974
0.5974
0.5974
0.5974
0.5974
0.5974
0.5974
0.5974
0.5974
0.5974
0.5974
0.5974
0.5386
0.5974
0.5974
0.5974
0.5974
0.5974
0.5974
0.5974
0.5974
0.5974
0.5386
0.5974
0.5386
0.5386
0.5372
0.5386
0.5369
0.5369
0.5369
0.5369
0.5369
0.5369
0.5369
0.5369
0.5369
0.5369
0.5369
0.5369
0.5369
0.5369
0.5369
0.5369
0.5369
0.5369
0.5369
0.5369
0.5369
0.5369
0.5369
0.5369
0.5369
0.5369
0.4841
0.5369
0.5369
0.5369
0.5369
0.5369
0.5369
0.5369
0.5369
0.4841
0.5369
0.5369
0.5369
0.5369
0.4841
0.4841
0.4841
0.4841
0.4841
0.4841
0.4841
0.4841
0.4841
0.4841
0.4841
0.4764
0.4764
0.4764
0.4766
0.4764
0.4764
0.4764
0.4764
0.4764
0.4764
0.4764
0.4764
0.4764
0.4764
0.4764
0.4764
0.4764
0.4764
0.4764
0.4764
0.4764
0.4764
0.4764
0.4764
0.4764
0.4764
0.4764
0.4764
0.4764
0.4764
0.4764
0.4764
0.4764
0.4764
0.4764
0.4764
0.4764
0.4764
0.4764
0.4764
0.4764
0.4764
0.4764
0.4764
0.4764
0.4764
0.4764
0.4764
0.4764
0.4764
0.4764
0.4764
0.4764
0.4764
0.4764
0.4764
0.4764
0.4764
0.4764
0.4764
0.4764
0.4764
0.4764
0.4764
0.4764
0.4764
0.4764
0.4764
0.4764
0.4764
0.4764
0.4764
0.4764
0.4764
0.4764
0.4764
0.4764
0.4764
0.4764
0.4764
0.4764
0.4764
0.4764
0.4764
0.4764
0.4764
0.4764
0.4764
0.4764
0.4764
0.4764
0.4764
0.4764
0.4764
0.4764
0.4764
0.4764
0.4764
0.4764
0.4764
0.4764
0.4764
0.4764
0.4764
0.4764
0.4764
0.4764
0.4764
0.4764
0.4764
0.4764
0.4764
0.4764
0.4764
0.4764
0.4764
0.4764
0.4764
0.4764
0.4764
0.4764
0.4764
0.4764
0.4764
0.4764
0.4764
0.4764
0.4764
0.4764
0.4764
0.4764
0.4764
0.4764
0.4764
0.4764
0.4764
0.4764
0.4764
0.4764
0.4764
0.4764
0.4764
0.4764
0.4764
0.4764
0.4764
0.4764
0.4764
0.4764
0.4764
0.4764
0.4764
0.4764
0.4764
0.4764
0.4764
0.4764
0.4764
0.4764
0.4764
0.4764
0.4764
0.4764
0.4764
0.4764
0.4764
0.4764
0.4764
0.4764
0.4764
0.4764
0.4764
0.4764
0.4764
0.4764
0.4764
0.4764
0.4764
0.4764
0.4297
0.4297
0.4248
0.4248
0.4248
0.4248
0.4248
0.4248
0.4248
0.4248
0.4248
0.4248
0.4248
0.4248
0.4248
0.4248
0.4248
0.4248
0.4248
0.4248
0.4248
0.4248
0.4248
0.4248
0.4248
0.4248
0.4248
0.4248
0.4248
0.4248
0.4248
0.4248
0.4248
0.4248
0.4248
0.4248
0.4248
0.4248
0.4248
0.4248
0.4248
0.3833
0.4248
0.3820
0.3833
0.3833
0.3819
0.3816
0.3819
0.3816
0.3816
0.3816
0.3816
0.3816
0.3816
0.3816
0.3816
0.3816
0.3816
0.3816
0.3816
0.3816
0.3816
0.3816
0.3816
0.3816
0.3816
0.3816
0.3816
0.3816
0.3816
0.3816
0.3816
0.3816
0.3816
0.3816
0.3816
0.3816
0.3816
0.3816
0.3816
0.3816
0.3816
0.3816
0.3816
0.3816
0.3816
0.3816
0.3816
0.3816
0.3816
0.3816
0.3816
0.3816
0.3816
0.3816
0.3816
0.3816
0.3816
0.3816
0.3816
0.3816
0.3816
0.3816
0.3816
0.3816
0.3816
0.3816
0.3816
0.3816
0.3816
0.3816
0.3816
0.3816
0.3816
0.3816
0.3816
0.3816
0.3816
0.3816
0.3816
0.3816
0.3816
0.3816
0.3816
0.3816
0.3816
0.3816
0.3816
0.3816
0.3816
0.3816
0.3816
0.3816
0.3816
0.3816
0.3816
0.3816
0.3816
0.3816
0.3816
0.3816
0.3816
0.3816
0.3816
0.3816
0.3816
0.3816
0.3816
0.3816
0.3816
0.3816
0.3816
0.3816
0.3816
0.3816
0.3816
0.3816
0.3816
0.3816
0.3816
0.3816
0.3816
0.3816
0.3816
0.3816
0.3816
0.3816
0.3816
0.3816
0.3816
0.3816
0.3816
0.3816
0.3816
0.3816
0.3816
0.3816
0.3816
0.3816
0.3816
0.3816
0.3816
0.3816
0.3816
0.3816
0.3816
0.3816
0.3816
0.3816
0.3816
0.3816
0.3816
0.3816
0.3816
0.3816
0.3816
0.3816
0.3816
0.3816
0.3816
0.3816
0.3816
0.3816
0.3816
0.3816
0.3816
0.3816
0.3816
0.3816
0.3816
0.3816
0.3816
0.3816
0.3816
0.3816
0.3816
0.3816
0.3816
0.3816
0.3816
0.3816
0.3816
0.3816
0.3816
0.3816
0.3816
0.3816
0.3816
0.3816
0.3816
0.3816
0.3816
0.3816
0.3816
0.3816
0.3816
0.3816
0.3816
0.3816
0.3816
0.3816
0.3816
0.3816
0.3816
0.3816
0.3816
0.3816
0.3816
0.3816
0.3816
0.3816
0.3816
0.3816
0.3816
0.3816
0.3816
0.3816
0.3816
0.3816
0.3816
0.3816
0.3816
0.3816
0.3816
0.3816
0.3816
0.3816
0.3816
0.3816
0.3816
0.3816
0.3816
0.3816
0.3816
0.3816
0.3816
0.3816
0.3816
0.3816
0.3816
0.3816
0.3816
0.3816
0.3816
0.3816
0.3816
0.3816
0.3816
0.3816
0.3816
0.3816
0.3816
0.3816
0.3816
0.3816
0.3816
0.3816
0.3816
0.3816
0.3816
0.3816
0.3816
0.3816
0.3816
0.3816
0.3816
0.3816
0.3816
0.3816
0.3816
0.3816
0.3816
0.3816
0.3816
0.3816
0.3816
0.3816
0.3816
0.3816
0.3816
0.3816
0.3816
0.3816
0.3816
0.3816
0.3816
0.3816
0.3816
0.3816
0.3816
0.3816
0.3816
0.3816
0.3816
0.3816
0.3816
0.3816
0.3816
0.3816
0.3816
0.3816
0.3816
0.3816
0.3816
0.3816
0.3816
0.3816
0.3816
0.3816
0.3816
0.3816
0.3816
0.3816
0.3816
0.3816
0.3816
0.3816
0.3816
