0 - [ 174  126  151  173  114  125  57  111  32  115  80  124  ]
1 - [ 205  229  207  231  ]
2 - [ 253  264  250  254  263  272  270  257  273  258  256  260  252  267  261  ]
3 - [ 297  278  319  345  333  340  330  309  351  275  313  291  321  337  303  ]
4 - [ 396  364  ]
5 - [ 440  441  439  446  443  449  ]
6 - [ 471  462  473  451  464  460  458  466  469  477  475  453  476  456  468  ]
7 - [ 547  534  536  500  486  515  537  527  496  506  482  479  521  525  484  ]
8 - [ 611  556  563  610  612  ]
9 - [ 629  641  643  647  627  639  645  637  633  640  648  635  631  ]
10 - [ 661  697  665  705  682  706  713  ]
11 - [ 738  724  743  726  751  752  719  748  723  733  740  735  746  737  721  ]
12 - [ 827  765  793  791  806  820  786  790  825  762  811  833  795  757  767  ]
13 - [ 853  855  894  863  854  ]
14 - [ 933  939  932  ]
15 - [ 953  961  958  951  950  959  956  ]
16 - [ 963  997  967  975  995  992  972  981  965  983  970  989  978  977  985  ]
17 - [ 1059  1066  1044  1037  1039  1004  1063  1019  1048  1052  1040  1006  1035  1014  1003  ]
18 - [ 1099  1098  1089  1137  1081  1124  ]
19 - [ 1155  1149  1163  ]
20 - [ 1181  1183  1192  1179  1178  1190  1189  ]
21 - [ 1210  1211  1227  1203  1195  1214  1230  1220  1200  1218  1216  1213  1224  1205  1208  ]
22 - [ 1295  1311  1282  ]
23 - [ 1323  1315  1325  1312  ]
24 - [ 1338  1327  1334  1330  1329  1332  ]
25 - [ 1351  1356  1355  1345  1361  1365  1347  1363  1366  1359  1371  1368  1353  1349  ]
26 - [ 1401  1411  1441  1431  1418  1373  1404  1403  1381  1415  1375  1429  1425  1383  1433  ]
27 - [ 1495  1454  1484  1502  1504  1450  1448  1499  1510  1455  1501  1463  1469  1481  1487  ]
28 - [ 1546  1558  1545  1595  ]
29 - [ 1613  1618  ]
30 - [ 1624  1622  1626  ]
31 - [ 1631  1646  ]
32 - [ 1654  1649  1648  1657  ]
33 - [ 1667  1673  1679  1676  1659  1678  1671  1662  1674  1664  1661  ]
34 - [ 1685  1687  1704  1681  1694  1732  1725  1710  1708  1723  1719  1706  1696  1718  1714  ]
35 - [ 1815  1776  1748  1811  1746  1741  1809  ]
36 - [ 1843  1835  1848  1826  1851  1833  ]
37 - [ 1870  1865  1868  1858  1874  1872  1861  1877  1866  1878  1852  1856  1854  ]
38 - [ 1908  1889  1931  1880  1910  1927  1935  1917  1940  1887  1886  1882  1921  1924  1945  ]
39 - [ 1984  1993  ]
40 - [ 2037  2038  2031  ]
41 - [ 2045  2051  2046  2053  2043  2040  2042  2049  ]
42 - [ 2063  2094  2069  2072  2058  2061  2091  2083  2057  2077  2075  2065  2082  2067  2089  ]
43 - [ 2109  2116  2165  2154  2103  2127  2157  2125  2143  2168  2152  2170  2132  2145  2097  ]
44 - [ 2244  2250  2186  2241  2218  2235  2237  2200  2198  2188  2246  2204  2239  2192  2231  ]
45 - [ 2262  2260  ]
46 - [ 2342  2340  2336  ]
47 - [ 2349  2351  2360  2344  2357  2347  2353  ]
48 - [ 2377  2384  2387  2379  2382  2370  2368  2362  2372  2394  2373  2392  2375  2380  2385  ]
49 - [ 2397  2416  2440  2444  2465  2438  2446  2456  2430  2452  2427  2449  2399  2406  2411  ]
50 - [ 2486  2537  2529  2488  2481  2507  2510  2539  2519  2496  2491  2505  2522  2500  2546  ]
51 - [ 2609  2590  2564  2616  ]
52 - [ 2643  2630  ]
53 - [ 2647  2650  2649  ]
54 - [ 2664  2656  2667  2659  2670  2669  2658  ]
55 - [ 2697  2690  2706  2685  2683  2693  2703  2673  2678  2676  2681  2699  2695  2688  ]
56 - [ 2760  2728  2718  2738  2745  2752  2748  2712  2733  2759  2757  2726  2775  2722  2740  ]
57 - [ 2799  2804  2798  2820  2856  2826  2846  2824  2829  2837  ]
58 - [ 2904  2878  2891  2869  2859  ]
59 - [ 2913  2922  2927  2915  2930  2920  2908  2911  2924  2925  ]
60 - [ 2978  2935  2976  2958  2957  2981  2971  2955  2950  2941  2943  2965  2932  2967  2953  ]
61 - [ 2988  3043  3030  3049  3046  3052  3055  3060  3040  3003  3019  3032  3006  2996  3009  ]
62 - [ 3092  3134  3094  3070  3119  3111  3123  3096  3121  3104  3106  3117  3079  3067  3082  ]
63 - [ 3176  3148  3189  3155  3145  3192  3158  3196  3152  3163  3174  3179  3204  3194  3143  ]
64 - [ 3282  3273  3218  3222  3251  3266  3235  3277  3285  3227  3255  3261  3225  3240  3244  ]
65 - [ 3335  3295  3351  3375  3292  3353  3341  3325  3301  3332  3308  3371  3314  3304  3343  ]
66 - [ 3399  3393  3424  3416  3409  3377  3379  3445  3404  3406  3441  3434  3426  3449  3385  ]
67 - [ 3523  3520  3503  3462  3485  3491  3478  3534  3473  3514  3500  3494  3476  3508  3529  ]
68 - [ 3546  3564  3602  3566  3551  3572  3604  3598  3589  3557  3610  3606  3549  3593  3553  ]
69 - [ 3630  3639  3662  3656  3643  3648  3652  3637  3616  3614  3658  3678  3672  3641  3646  ]
70 - [ 3701  3691  3720  3710  3757  3727  3764  3695  3730  3732  3741  3707  3689  3749  3726  ]
71 - [ 3836  3811  ]
72 - [ 3846  3851  3847  ]
73 - [ 3866  3856  3860  3858  3862  3868  3864  ]
74 - [ 3899  3881  3896  3879  3884  3888  3893  3891  3901  3875  3876  3873  3870  3904  3886  ]
75 - [ 3948  3925  3941  3934  3906  3973  3908  3916  3918  3960  3968  3931  3975  3914  3927  ]
76 - [ 4058  3985  4008  ]
77 - [ 4064  4062  4068  ]
78 - [ 4080  4079  4077  ]
79 - [ 4100  4092  4097  4089  4093  4087  4095  ]
80 - [ 4115  4108  4106  4126  4124  4131  4136  4112  4114  4121  4129  4138  4118  4134  4103  ]
81 - [ 4156  4154  4201  4178  4184  4211  4190  4214  4159  4193  4149  4209  4141  4188  4166  ]
82 - [ 4274  4287  4217  4281  4292  4238  4259  4262  4289  4254  4245  4271  4279  4256  4223  ]
83 - [ 4344  4316  4312  4358  4337  4323  4307  4348  4339  4360  4373  4298  4341  4321  4346  ]
84 - [ 4408  4413  4432  4437  4434  4382  4439  4397  4442  4385  4379  4429  4423  4427  4410  ]
85 - [ 4522  4480  4482  4491  4478  4457  4500  4459  4520  4517  4485  4504  4462  4494  4473  ]
86 - [ 4563  4596  4544  4549  4594  4561  4534  4547  4582  4611  4537  4607  4552  4602  4540  ]
87 - [ 4623  4663  4680  4634  4686  4628  4646  4617  4641  4636  4638  4659  4625  4675  4670  ]
88 - [ 4699  4693  4716  4753  4755  4770  4760  4725  4749  4708  4706  4766  4742  4734  4758  ]
89 - [ 4828  4782  4791  4812  4773  4830  4837  4817  4808  4826  4842  4789  4835  4822  4833  ]
90 - [ 4886  4877  4897  4902  4918  4923  4861  4866  4920  4888  4899  4910  4852  4908  4907  ]
91 - [ 4943  4936  4974  4993  4961  4998  4928  4987  4963  4965  5007  4981  4979  5005  4953  ]
92 - [ 5028  5010  5057  5067  5071  5025  5086  5038  5040  5044  5013  5022  5046  5031  5059  ]
93 - [ 5160  5151  5137  5123  5101  5142  5129  5131  5091  5111  5098  5139  5149  5156  5113  ]
94 - [ 5237  5230  5183  5181  5184  5210  5198  5168  5192  5171  5186  5195  5218  5189  5179  ]
95 - [ 5325  5264  5297  5248  5316  5254  5286  5266  5311  5314  5280  5269  5301  5251  5322  ]
96 - [ 5329  5378  5406  5407  5390  5346  5363  5404  5398  5385  5360  5396  5380  5349  5337  ]
97 - [ 5465  5421  5416  5481  5478  5425  5443  5483  5451  5458  5476  5433  5486  5460  5468  ]
98 - [ 5519  5564  5551  5533  5497  5516  5514  5504  5562  5489  5522  5492  5525  5559  5512  ]
99 - [ 5627  5585  5568  5642  5575  5614  5571  5566  5635  5612  5581  5620  5578  5609  5587  ]
