0 - [ 7  3  1  9  19  17  10  15  2  13  ]
1 - [ 42  45  17  31  7  44  32  10  51  9  ]
2 - [ 82  77  61  32  75  73  62  65  71  45  ]
3 - [ 96  104  99  75  98  62  105  32  87  82  ]
4 - [ 99  125  120  126  32  96  123  75  98  135  ]
5 - [ 98  154  165  166  152  125  160  162  75  32  ]
6 - [ 177  198  174  165  166  154  32  176  179  194  ]
7 - [ 214  32  198  202  203  174  221  154  217  216  ]
8 - [ 198  174  238  203  216  230  233  253  202  214  ]
9 - [ 258  214  275  256  281  174  260  216  203  279  ]
10 - [ 295  284  279  292  309  290  281  203  214  260  ]
11 - [ 317  328  336  309  311  312  203  292  330  279  ]
12 - [ 349  363  279  343  312  203  336  311  341  317  ]
13 - [ 386  371  377  384  366  203  343  369  382  373  ]
14 - [ 400  395  412  414  377  384  366  409  343  398  ]
15 - [ 412  400  439  445  395  343  424  442  421  447  ]
16 - [ 472  471  469  456  447  424  461  464  452  400  ]
17 - [ 478  469  456  471  498  400  482  464  480  477  ]
18 - [ 522  469  507  519  513  501  521  525  477  498  ]
19 - [ 507  538  544  469  522  513  533  547  501  541  ]
20 - [ 513  544  538  570  501  507  547  564  559  577  ]
21 - [ 591  590  507  588  564  596  544  501  547  593  ]
22 - [ 608  621  613  593  618  507  544  616  630  547  ]
23 - [ 655  637  613  646  507  654  593  544  652  621  ]
24 - [ 593  679  544  637  669  685  666  613  672  660  ]
25 - [ 694  700  697  690  705  544  689  711  593  666  ]
26 - [ 720  717  737  727  724  694  697  544  689  722  ]
27 - [ 741  756  722  751  763  757  737  717  727  697  ]
28 - [ 770  772  782  741  722  763  757  737  777  768  ]
29 - [ 798  804  793  772  770  801  763  806  737  812  ]
30 - [ 801  840  825  837  804  770  830  772  820  832  ]
31 - [ 832  844  842  804  851  858  849  865  863  837  ]
32 - [ 868  880  858  832  849  887  872  881  875  844  ]
33 - [ 844  872  914  868  910  899  880  832  895  887  ]
34 - [ 932  899  919  895  832  937  941  922  844  914  ]
35 - [ 932  832  946  899  966  959  957  922  914  952  ]
36 - [ 966  989  985  952  987  969  983  959  957  980  ]
37 - [ 966  959  952  983  969  1011  985  1009  1006  1014  ]
38 - [ 1033  983  1030  959  1041  1022  966  1016  1035  969  ]
39 - [ 1059  1061  1033  1041  1063  1030  983  969  966  1054  ]
40 - [ 1078  1072  1080  1063  1075  1070  983  1054  1067  1090  ]
41 - [ 1094  1099  1054  1103  1108  1078  1063  1067  1111  983  ]
42 - [ 1067  1130  1054  1141  1138  983  1116  1099  1117  1123  ]
43 - [ 1162  1147  983  1067  1117  1146  1123  1164  1154  1099  ]
44 - [ 1192  1179  1184  1146  983  1147  1123  1190  1117  1187  ]
45 - [ 1208  1214  1117  1198  1179  983  1200  1195  1212  1147  ]
46 - [ 1219  1231  1200  1212  983  1214  1224  1198  1236  1239  ]
47 - [ 1219  1250  1214  1260  1252  1231  983  1257  1212  1239  ]
48 - [ 1277  983  1212  1275  1250  1219  1285  1287  1270  1252  ]
49 - [ 1304  1293  1250  1219  1301  1287  1298  1252  1290  1277  ]
50 - [ 1324  1287  1252  1301  1293  1329  1343  1340  1336  1331  ]
51 - [ 1362  1365  1329  1348  1324  1353  1343  1331  1252  1359  ]
52 - [ 1348  1380  1385  1362  1392  1365  1389  1375  1353  1359  ]
53 - [ 1353  1396  1389  1414  1385  1394  1403  1380  1375  1401  ]
54 - [ 1423  1435  1380  1428  1421  1438  1416  1401  1389  1419  ]
55 - [ 1447  1441  1444  1401  1455  1461  1428  1389  1421  1423  ]
56 - [ 1468  1447  1476  1486  1401  1455  1441  1481  1489  1428  ]
57 - [ 1496  1476  1500  1507  1498  1511  1489  1468  1447  1455  ]
58 - [ 1511  1455  1507  1528  1489  1521  1500  1515  1523  1535  ]
59 - [ 1507  1521  1546  1538  1552  1528  1557  1500  1559  1511  ]
60 - [ 1563  1521  1546  1578  1583  1552  1566  1528  1557  1569  ]
61 - [ 1578  1563  1598  1521  1528  1596  1607  1593  1552  1583  ]
62 - [ 1578  1563  1552  1607  1627  1623  1521  1632  1528  1596  ]
63 - [ 1660  1654  1563  1648  1650  1632  1528  1639  1641  1645  ]
64 - [ 1528  1682  1654  1673  1648  1676  1668  1660  1670  1563  ]
65 - [ 1676  1706  1692  1710  1704  1648  1690  1563  1713  1668  ]
66 - [ 1738  1676  1725  1563  1721  1719  1710  1728  1731  1692  ]
67 - [ 1757  1692  1765  1740  1719  1764  1754  1725  1738  1731  ]
68 - [ 1780  1783  1770  1787  1692  1764  1725  1785  1777  1738  ]
69 - [ 1812  1804  1783  1803  1787  1777  1738  1780  1764  1807  ]
70 - [ 1738  1831  1824  1777  1826  1812  1835  1783  1828  1821  ]
71 - [ 1854  1826  1866  1851  1848  1812  1858  1861  1856  1738  ]
72 - [ 1866  1887  1885  1871  1880  1890  1873  1856  1878  1738  ]
73 - [ 1866  1871  1878  1890  1856  1909  1912  1915  1880  1895  ]
74 - [ 1856  1890  1878  1912  1937  1940  1920  1945  1915  1880  ]
75 - [ 1961  1920  1940  1947  1954  1945  1856  1890  1915  1959  ]
76 - [ 1856  1976  1920  1961  1983  1959  1915  1970  1945  1947  ]
77 - [ 1915  1970  1961  1995  1945  1920  1976  1983  1947  2006  ]
78 - [ 2034  1995  2022  1970  1983  2042  1915  2025  2028  2031  ]
79 - [ 2053  2042  2031  2070  2060  2025  2058  2051  2034  1915  ]
80 - [ 2079  2074  2031  2094  2090  2051  2087  2092  2097  2058  ]
81 - [ 2099  2058  2092  2079  2074  2101  2097  2122  2103  2090  ]
82 - [ 2079  2134  2149  2103  2058  2143  2125  2097  2090  2127  ]
83 - [ 2127  2125  2079  2155  2103  2149  2168  2143  2165  2162  ]
84 - [ 2187  2155  2184  2165  2197  2178  2192  2190  2162  2149  ]
85 - [ 2223  2226  2162  2184  2165  2155  2178  2149  2204  2187  ]
86 - [ 2251  2229  2231  2242  2184  2239  2155  2236  2162  2223  ]
87 - [ 2264  2251  2267  2155  2223  2278  2184  2261  2270  2272  ]
88 - [ 2293  2251  2285  2288  2155  2280  2264  2300  2223  2270  ]
89 - [ 2311  2251  2331  2308  2270  2314  2293  2325  2288  2320  ]
90 - [ 2335  2354  2311  2325  2333  2270  2344  2288  2352  2314  ]
91 - [ 2354  2373  2356  2377  2314  2375  2288  2333  2325  2366  ]
92 - [ 2356  2397  2354  2288  2389  2314  2377  2325  2403  2366  ]
93 - [ 2403  2416  2426  2288  2410  2413  2389  2418  2424  2412  ]
94 - [ 2416  2433  2410  2426  2455  2412  2413  2435  2389  2440  ]
95 - [ 2462  2433  2458  2426  2410  2472  2435  2440  2460  2416  ]
96 - [ 2440  2460  2503  2483  2491  2416  2494  2426  2486  2497  ]
97 - [ 2416  2486  2503  2440  2507  2497  2519  2512  2524  2529  ]
98 - [ 2524  2546  2531  2486  2440  2535  2538  2541  2503  2552  ]
99 - [ 2538  2546  2567  2558  2535  2571  2575  2440  2569  2503  ]
