0 - [ 10  7  19  29  12  9  21  14  8  27  ]
1 - [ 52  10  36  19  40  7  35  33  34  39  ]
2 - [ 10  65  7  33  77  80  74  84  83  34  ]
3 - [ 103  92  89  91  98  33  80  65  10  104  ]
4 - [ 98  123  131  89  134  33  142  104  10  129  ]
5 - [ 134  104  10  148  154  157  165  162  142  153  ]
6 - [ 148  190  162  188  198  181  157  196  192  104  ]
7 - [ 104  219  190  221  213  157  181  208  203  196  ]
8 - [ 232  208  227  248  157  234  229  221  181  196  ]
9 - [ 278  254  221  157  262  248  268  273  265  234  ]
10 - [ 282  299  305  291  273  288  262  294  285  301  ]
11 - [ 273  316  305  319  294  282  311  328  285  323  ]
12 - [ 347  341  282  344  273  319  343  323  355  333  ]
13 - [ 368  344  376  347  379  374  371  355  363  319  ]
14 - [ 368  412  376  407  395  392  404  371  400  401  ]
15 - [ 418  404  392  400  395  407  371  415  428  401  ]
16 - [ 465  462  445  400  407  395  415  468  371  442  ]
17 - [ 442  462  484  496  490  474  415  479  407  395  ]
18 - [ 500  505  490  484  415  511  510  520  508  502  ]
19 - [ 539  545  534  520  505  526  548  500  537  511  ]
20 - [ 577  537  500  511  556  520  569  574  545  565  ]
21 - [ 599  537  565  511  594  591  545  569  556  520  ]
22 - [ 628  631  511  611  599  616  594  545  609  556  ]
23 - [ 648  654  631  644  649  594  611  616  628  545  ]
24 - [ 654  594  631  683  611  680  673  644  664  649  ]
25 - [ 691  654  631  611  594  644  649  705  708  664  ]
26 - [ 717  691  654  740  738  735  664  649  644  726  ]
27 - [ 758  755  761  726  743  769  735  654  740  649  ]
28 - [ 785  779  654  774  761  787  726  780  755  772  ]
29 - [ 809  818  815  726  824  774  755  811  798  787  ]
30 - [ 726  774  824  850  835  755  815  830  811  832  ]
31 - [ 755  866  881  855  864  875  824  872  878  861  ]
32 - [ 875  866  864  861  884  872  909  886  896  855  ]
33 - [ 915  927  932  875  864  886  938  909  872  921  ]
34 - [ 909  915  949  932  959  872  965  938  954  952  ]
35 - [ 970  974  938  972  872  965  990  959  954  967  ]
36 - [ 1011  938  1003  1010  990  993  1017  996  1001  970  ]
37 - [ 1045  1010  1042  1017  938  996  1039  1003  1037  1031  ]
38 - [ 1042  1037  1052  1065  1063  1068  1047  1060  1031  996  ]
39 - [ 1093  1099  1090  1042  1085  1060  1074  1080  1063  1088  ]
40 - [ 1113  1099  1122  1110  1042  1074  1085  1101  1104  1126  ]
41 - [ 1104  1130  1147  1135  1101  1122  1141  1085  1140  1113  ]
42 - [ 1169  1122  1163  1160  1183  1181  1135  1130  1158  1178  ]
43 - [ 1187  1203  1202  1198  1122  1178  1206  1212  1200  1160  ]
44 - [ 1187  1235  1221  1239  1232  1198  1206  1224  1122  1212  ]
45 - [ 1239  1265  1122  1247  1224  1260  1249  1212  1198  1257  ]
46 - [ 1265  1280  1247  1239  1292  1283  1275  1260  1291  1288  ]
47 - [ 1308  1239  1294  1318  1319  1265  1302  1299  1300  1288  ]
48 - [ 1328  1337  1265  1308  1288  1346  1349  1319  1325  1302  ]
49 - [ 1337  1359  1377  1368  1371  1352  1365  1349  1354  1308  ]
50 - [ 1349  1404  1352  1337  1359  1398  1379  1365  1380  1368  ]
51 - [ 1352  1421  1412  1365  1417  1426  1337  1428  1359  1349  ]
52 - [ 1359  1365  1421  1447  1412  1428  1441  1451  1442  1337  ]
53 - [ 1451  1461  1442  1464  1337  1479  1428  1467  1469  1412  ]
54 - [ 1467  1490  1464  1451  1337  1479  1469  1484  1493  1500  ]
55 - [ 1500  1534  1523  1538  1464  1479  1493  1467  1532  1515  ]
56 - [ 1555  1545  1561  1500  1534  1557  1515  1538  1493  1554  ]
57 - [ 1554  1567  1538  1572  1545  1555  1586  1493  1583  1588  ]
58 - [ 1538  1586  1545  1613  1599  1554  1567  1619  1572  1602  ]
59 - [ 1633  1538  1640  1572  1586  1635  1646  1638  1567  1599  ]
60 - [ 1638  1633  1646  1586  1649  1640  1635  1670  1652  1656  ]
61 - [ 1670  1649  1652  1635  1683  1672  1656  1638  1677  1633  ]
62 - [ 1716  1700  1677  1707  1719  1721  1649  1710  1633  1635  ]
63 - [ 1633  1710  1721  1738  1733  1677  1635  1716  1728  1730  ]
64 - [ 1755  1757  1677  1710  1763  1716  1753  1721  1766  1738  ]
65 - [ 1784  1790  1716  1757  1755  1776  1801  1710  1766  1738  ]
66 - [ 1784  1757  1716  1710  1814  1816  1820  1766  1790  1823  ]
67 - [ 1826  1832  1851  1842  1820  1816  1823  1790  1814  1766  ]
68 - [ 1814  1854  1842  1874  1867  1858  1820  1875  1826  1851  ]
69 - [ 1820  1858  1842  1881  1887  1893  1884  1874  1851  1867  ]
70 - [ 1842  1915  1907  1820  1912  1887  1881  1926  1923  1931  ]
71 - [ 1912  1907  1934  1915  1943  1949  1842  1952  1926  1959  ]
72 - [ 1949  1934  1986  1974  1971  1952  1912  1983  1962  1943  ]
73 - [ 2005  2014  2001  2003  1943  1971  1996  1990  1952  1962  ]
74 - [ 2025  2005  2014  2003  2027  2020  2019  2029  1971  2041  ]
75 - [ 2003  2068  2046  2062  2056  2027  2005  2043  2020  2014  ]
76 - [ 2014  2062  2071  2068  2078  2043  2076  2084  2081  2073  ]
77 - [ 2068  2078  2110  2118  2105  2102  2099  2115  2014  2084  ]
78 - [ 2105  2127  2078  2142  2099  2122  2102  2068  2124  2144  ]
79 - [ 2122  2099  2156  2105  2158  2168  2170  2147  2124  2127  ]
80 - [ 2191  2127  2178  2122  2173  2193  2124  2187  2189  2181  ]
81 - [ 2212  2178  2199  2215  2191  2193  2127  2173  2205  2218  ]
82 - [ 2244  2247  2215  2235  2231  2218  2205  2199  2226  2223  ]
83 - [ 2256  2247  2199  2273  2226  2268  2274  2262  2265  2250  ]
84 - [ 2305  2285  2282  2199  2226  2294  2268  2250  2302  2262  ]
85 - [ 2262  2315  2302  2285  2226  2250  2294  2318  2329  2323  ]
86 - [ 2285  2335  2302  2360  2262  2347  2352  2358  2344  2318  ]
87 - [ 2347  2372  2302  2358  2335  2383  2344  2285  2380  2366  ]
88 - [ 2405  2388  2402  2412  2344  2347  2400  2389  2358  2335  ]
89 - [ 2432  2424  2421  2427  2335  2358  2344  2405  2437  2418  ]
90 - [ 2427  2459  2418  2421  2450  2462  2453  2424  2447  2437  ]
91 - [ 2447  2437  2488  2427  2453  2421  2475  2450  2494  2462  ]
92 - [ 2450  2497  2508  2462  2453  2514  2494  2475  2421  2516  ]
93 - [ 2533  2524  2514  2494  2475  2536  2547  2508  2516  2462  ]
94 - [ 2552  2508  2558  2524  2560  2567  2570  2555  2536  2516  ]
95 - [ 2536  2558  2560  2598  2595  2590  2578  2516  2552  2585  ]
96 - [ 2558  2611  2552  2604  2601  2598  2620  2617  2516  2625  ]
97 - [ 2650  2620  2516  2558  2631  2638  2636  2617  2628  2641  ]
98 - [ 2661  2671  2673  2620  2675  2677  2636  2650  2558  2617  ]
99 - [ 2696  2701  2679  2636  2673  2661  2698  2683  2620  2650  ]
