0 - [ 9  8  3  23  5  12  14  21  4  18  ]
1 - [ 33  30  40  26  3  38  4  9  5  14  ]
2 - [ 3  56  9  54  73  30  62  33  4  64  ]
3 - [ 9  89  33  98  81  102  83  54  56  30  ]
4 - [ 111  124  119  107  54  102  109  81  33  116  ]
5 - [ 154  131  111  54  143  124  116  141  81  139  ]
6 - [ 81  171  170  154  174  116  180  176  124  168  ]
7 - [ 116  183  170  196  186  171  154  176  81  188  ]
8 - [ 212  116  229  176  215  188  196  81  224  186  ]
9 - [ 252  261  188  212  248  215  176  239  196  258  ]
10 - [ 274  258  252  285  290  215  188  212  176  196  ]
11 - [ 295  310  176  312  305  215  196  314  300  274  ]
12 - [ 312  333  328  330  176  274  335  341  323  295  ]
13 - [ 274  361  347  367  295  346  350  176  365  312  ]
14 - [ 347  361  385  396  376  370  350  346  382  379  ]
15 - [ 402  404  385  413  379  350  416  410  361  370  ]
16 - [ 427  361  413  435  402  379  404  440  429  385  ]
17 - [ 479  460  385  474  413  429  427  463  466  361  ]
18 - [ 485  493  503  490  482  489  498  496  463  466  ]
19 - [ 525  511  528  485  493  496  522  466  520  516  ]
20 - [ 522  496  544  539  552  556  525  520  528  485  ]
21 - [ 496  580  485  568  569  522  556  576  583  539  ]
22 - [ 496  591  485  594  601  596  598  576  569  568  ]
23 - [ 639  636  598  630  601  591  621  576  642  624  ]
24 - [ 662  639  601  653  645  636  652  591  624  665  ]
25 - [ 685  687  680  601  662  653  665  591  645  652  ]
26 - [ 653  700  719  707  714  685  711  701  698  695  ]
27 - [ 733  653  728  736  724  685  695  711  740  731  ]
28 - [ 765  770  740  711  750  773  757  736  753  755  ]
29 - [ 753  740  775  736  780  770  755  757  711  765  ]
30 - [ 815  753  736  711  780  740  810  765  775  800  ]
31 - [ 815  850  711  765  827  740  838  736  833  830  ]
32 - [ 765  736  815  877  874  853  872  830  827  740  ]
33 - [ 894  827  872  891  736  897  874  883  902  885  ]
34 - [ 919  923  883  931  917  908  911  891  872  874  ]
35 - [ 911  937  947  923  935  944  959  883  953  941  ]
36 - [ 983  981  965  883  975  935  986  941  970  962  ]
37 - [ 962  1001  970  992  983  994  975  996  1008  935  ]
38 - [ 992  1013  1008  994  970  1001  996  1024  1017  962  ]
39 - [ 1034  992  1057  1046  1041  1013  962  970  1038  994  ]
40 - [ 1078  1060  970  962  1034  1013  1057  1072  1069  1075  ]
41 - [ 1101  962  1034  1078  970  1103  1072  1109  1075  1069  ]
42 - [ 1072  1130  1115  1133  1101  1103  1078  1109  1118  1135  ]
43 - [ 1154  1144  1133  1135  1130  1115  1101  1146  1103  1078  ]
44 - [ 1101  1169  1178  1185  1172  1078  1180  1161  1115  1164  ]
45 - [ 1180  1115  1194  1206  1190  1161  1198  1169  1196  1164  ]
46 - [ 1169  1221  1227  1180  1232  1224  1115  1194  1198  1196  ]
47 - [ 1238  1221  1240  1115  1251  1194  1180  1224  1259  1253  ]
48 - [ 1180  1285  1221  1266  1273  1194  1238  1274  1259  1264  ]
49 - [ 1307  1298  1294  1273  1180  1194  1301  1310  1264  1259  ]
50 - [ 1324  1298  1301  1310  1259  1331  1318  1335  1328  1273  ]
51 - [ 1357  1339  1259  1324  1346  1318  1351  1328  1273  1298  ]
52 - [ 1328  1370  1351  1386  1366  1339  1373  1383  1298  1346  ]
53 - [ 1408  1403  1346  1413  1328  1410  1395  1406  1339  1401  ]
54 - [ 1410  1401  1434  1328  1443  1428  1422  1339  1440  1431  ]
55 - [ 1453  1339  1451  1431  1440  1448  1467  1401  1458  1328  ]
56 - [ 1485  1476  1339  1328  1478  1482  1401  1472  1487  1448  ]
57 - [ 1501  1472  1515  1339  1482  1494  1487  1448  1509  1496  ]
58 - [ 1448  1521  1541  1529  1515  1472  1539  1487  1496  1339  ]
59 - [ 1560  1570  1472  1448  1550  1529  1521  1487  1553  1565  ]
60 - [ 1596  1588  1570  1583  1529  1577  1487  1553  1448  1575  ]
61 - [ 1596  1583  1620  1601  1610  1615  1599  1529  1612  1577  ]
62 - [ 1646  1583  1627  1630  1620  1640  1634  1610  1615  1632  ]
63 - [ 1610  1632  1669  1672  1630  1664  1640  1651  1666  1634  ]
64 - [ 1651  1694  1630  1683  1685  1696  1610  1678  1687  1692  ]
65 - [ 1651  1715  1720  1685  1694  1709  1713  1704  1722  1683  ]
66 - [ 1727  1738  1735  1730  1746  1747  1744  1732  1694  1704  ]
67 - [ 1746  1744  1747  1757  1775  1769  1763  1766  1727  1732  ]
68 - [ 1766  1763  1785  1769  1792  1778  1783  1747  1794  1727  ]
69 - [ 1814  1727  1800  1778  1821  1792  1812  1769  1785  1794  ]
70 - [ 1778  1814  1727  1812  1785  1841  1835  1825  1823  1838  ]
71 - [ 1865  1856  1841  1814  1853  1778  1785  1848  1859  1835  ]
72 - [ 1853  1893  1814  1835  1880  1883  1785  1887  1856  1885  ]
73 - [ 1901  1914  1899  1916  1903  1880  1896  1835  1885  1911  ]
74 - [ 1927  1911  1929  1885  1943  1933  1901  1924  1936  1880  ]
75 - [ 1901  1955  1885  1952  1936  1945  1949  1967  1933  1911  ]
76 - [ 1984  1987  1993  1976  1955  1990  1971  1901  1978  1967  ]
77 - [ 2002  2021  1984  2009  2018  1976  2013  2004  2011  1967  ]
78 - [ 2038  2035  2018  2033  2023  2011  1984  1976  2042  2004  ]
79 - [ 2058  2064  1976  2066  2050  2069  2063  2023  2042  2055  ]
80 - [ 2089  2055  2098  1976  2086  2066  2023  2050  2075  2094  ]
81 - [ 2086  1976  2050  2101  2109  2089  2114  2124  2106  2098  ]
82 - [ 2127  2050  2106  2142  2144  2146  2089  2152  2136  2101  ]
83 - [ 2175  2146  2136  2089  2170  2127  2173  2156  2154  2166  ]
84 - [ 2156  2191  2170  2173  2146  2193  2189  2166  2183  2181  ]
85 - [ 2228  2166  2225  2193  2213  2208  2183  2156  2146  2191  ]
86 - [ 2191  2237  2242  2193  2245  2166  2225  2183  2251  2213  ]
87 - [ 2267  2277  2265  2183  2280  2274  2193  2213  2225  2262  ]
88 - [ 2301  2262  2225  2274  2297  2304  2307  2294  2277  2299  ]
89 - [ 2225  2301  2317  2274  2322  2325  2277  2327  2313  2315  ]
90 - [ 2322  2336  2327  2352  2313  2339  2334  2225  2277  2354  ]
91 - [ 2370  2225  2362  2313  2354  2334  2336  2356  2378  2375  ]
92 - [ 2391  2388  2370  2378  2225  2396  2334  2405  2362  2385  ]
93 - [ 2396  2427  2391  2362  2413  2385  2431  2417  2388  2425  ]
94 - [ 2417  2443  2385  2396  2448  2434  2413  2431  2391  2445  ]
95 - [ 2443  2465  2473  2460  2471  2468  2476  2434  2462  2396  ]
96 - [ 2489  2501  2396  2476  2495  2498  2471  2473  2443  2485  ]
97 - [ 2528  2498  2533  2516  2485  2489  2476  2514  2396  2443  ]
98 - [ 2489  2498  2539  2528  2443  2558  2514  2555  2549  2516  ]
99 - [ 2581  2575  2558  2528  2562  2584  2560  2498  2555  2568  ]
