1.6964	712.1000	1.6964	712.1000	1.6967	712.1000	
1.6964	712.1000	1.6964	712.1000	1.6964	712.1000	
1.6964	712.1000	1.6964	712.1000	1.6901	712.1000	
1.6898	712.1000	1.6964	712.1000	1.6898	712.1000	
1.6898	712.1000	1.6898	712.1000	1.6898	712.1000	
1.6898	712.1000	1.6898	712.1000	1.6898	712.1000	
1.6898	712.1000	1.6898	712.1000	1.6898	712.1000	
1.6898	712.1000	1.6898	712.1000	1.6898	712.1000	
1.6898	712.1000	1.6898	712.1000	1.6898	712.1000	
1.6898	712.1000	1.6898	712.1000	1.6898	712.1000	
1.6898	712.1000	1.6898	712.1000	1.6898	712.1000	
1.6898	712.1000	1.6898	712.1000	1.6898	712.1000	
1.6898	712.1000	1.6898	712.1000	1.6898	712.1000	
1.6898	712.1000	1.6898	712.1000	1.6898	712.1000	
1.6898	712.1000	1.6898	712.1000	1.6898	712.1000	
1.6898	712.1000	1.6898	712.1000	1.6898	712.1000	
1.6898	712.1000	1.6898	712.1000	1.6898	712.1000	
1.6898	712.1000	1.6898	712.1000	1.6898	712.1000	
1.6898	712.1000	1.6898	712.1000	1.6898	712.1000	
1.6898	712.1000	1.6898	712.1000	1.6898	712.1000	
1.6898	712.1000	1.6898	712.1000	1.6898	712.1000	
1.6898	712.1000	1.6898	712.1000	1.6898	712.1000	
1.6898	712.1000	1.6898	712.1000	1.6898	712.1000	
1.6898	712.1000	1.6898	712.1000	1.6898	712.1000	
1.6898	712.1000	1.6898	712.1000	1.6898	712.1000	
1.6898	712.1000	1.6898	712.1000	1.6898	712.1000	
1.6898	712.1000	1.6898	712.1000	1.6898	712.1000	
1.6898	712.1000	1.6898	712.1000	1.6898	712.1000	
1.6898	712.1000	1.6898	712.1000	1.6898	712.1000	
1.6898	712.1000	1.6898	712.1000	1.6898	712.1000	
1.6898	712.1000	1.6898	712.1000	1.6898	712.1000	
1.6898	712.1000	1.6898	712.1000	1.6898	712.1000	
1.6898	712.1000	1.6898	712.1000	1.6898	712.1000	
1.6898	712.1000	1.6898	712.1000	1.6898	712.1000	
1.6898	712.1000	1.6898	712.1000	1.6898	712.1000	
1.6898	712.1000	1.6898	712.1000	1.6898	712.1000	
1.6898	712.1000	1.6898	712.1000	1.6898	712.1000	
1.6898	712.1000	1.6898	712.1000	1.6898	712.1000	
1.6898	712.1000	1.6898	712.1000	1.6898	712.1000	
1.6898	712.1000	1.6898	712.1000	1.6898	712.1000	
1.6898	712.1000	1.6898	712.1000	1.6898	712.1000	
1.6898	712.1000	1.6898	712.1000	1.6898	712.1000	
1.6898	712.1000	1.6898	712.1000	1.6898	712.1000	
1.6898	712.1000	1.6898	712.1000	1.6898	712.1000	
1.6898	712.1000	1.6898	712.1000	1.6898	712.1000	
1.6898	712.1000	1.6898	712.1000	1.6898	712.1000	
1.6898	712.1000	1.6898	712.1000	1.6898	712.1000	
1.6898	712.1000	1.6898	712.1000	1.6898	712.1000	
1.6898	712.1000	1.6898	712.1000	1.6898	712.1000	
1.6898	712.1000	1.6898	712.1000	1.6898	712.1000	
1.6898	712.1000	1.6898	712.1000	1.6898	712.1000	
1.6898	712.1000	1.6898	712.1000	1.6898	712.1000	
1.6898	712.1000	1.6898	712.1000	1.6898	712.1000	
1.6898	712.1000	1.6898	712.1000	1.6898	712.1000	
1.6898	712.1000	1.6898	712.1000	1.6898	712.1000	
1.6898	712.1000	1.6898	712.1000	1.6898	712.1000	
1.6898	712.1000	1.6898	712.1000	1.6898	712.1000	
1.6898	712.1000	1.6898	712.1000	1.6898	712.1000	
1.6898	712.1000	1.6898	712.1000	1.6898	712.1000	
1.6898	712.1000	1.6898	712.1000	1.6898	712.1000	
1.6898	712.1000	1.6898	712.1000	1.6898	712.1000	
1.6898	712.1000	1.6898	712.1000	1.6898	712.1000	
1.6898	712.1000	1.6898	712.1000	1.6898	712.1000	
1.6898	712.1000	1.6898	712.1000	1.6898	712.1000	
1.6898	712.1000	1.6898	712.1000	1.6898	712.1000	
1.6898	712.1000	1.6898	712.1000	1.6898	712.1000	
1.6898	712.1000	1.6898	712.1000	1.6898	712.1000	
1.6898	712.1000	1.6898	712.1000	1.6898	712.1000	
1.6898	712.1000	1.6898	712.1000	1.6898	712.1000	
1.6898	712.1000	1.6898	712.1000	1.6898	712.1000	
1.6898	712.1000	1.6898	712.1000	1.6898	712.1000	
1.6898	712.1000	1.6898	712.1000	1.6898	712.1000	
1.6898	712.1000	1.6898	712.1000	1.6898	712.1000	
1.6898	712.1000	1.6898	712.1000	1.6898	712.1000	
1.6898	712.1000	1.6898	712.1000	1.6898	712.1000	
1.6898	712.1000	1.6898	712.1000	1.6898	712.1000	
1.6898	712.1000	1.6898	712.1000	1.6898	712.1000	
1.6898	712.1000	1.6898	712.1000	1.6898	712.1000	
1.6898	712.1000	1.6898	712.1000	1.6898	712.1000	
1.6898	712.1000	1.6898	712.1000	1.6898	712.1000	
1.6898	712.1000	1.6898	712.1000	1.6898	712.1000	
1.6898	712.1000	1.6898	712.1000	1.6898	712.1000	
1.6898	712.1000	1.6898	712.1000	1.6898	712.1000	
1.6898	712.1000	1.6898	712.1000	1.6898	712.1000	
1.6898	712.1000	1.6898	712.1000	1.6898	712.1000	
1.6898	712.1000	1.6898	712.1000	1.6898	712.1000	
1.6898	712.1000	1.6898	712.1000	1.6898	712.1000	
1.6898	712.1000	1.6898	712.1000	1.6898	712.1000	
1.6898	712.1000	1.6898	712.1000	1.6898	712.1000	
1.6898	712.1000	1.6898	712.1000	1.6898	712.1000	
1.6898	712.1000	1.6898	712.1000	1.6898	712.1000	
1.6898	712.1000	1.6898	712.1000	1.6898	712.1000	
1.6898	712.1000	1.6898	712.1000	1.6898	712.1000	
1.6898	712.1000	1.6898	712.1000	1.6898	712.1000	
1.6898	712.1000	1.6898	712.1000	1.6898	712.1000	
1.6898	712.1000	1.6898	712.1000	1.6898	712.1000	
1.6898	712.1000	1.6898	712.1000	1.6898	712.1000	
1.6898	712.1000	1.6898	712.1000	1.6898	712.1000	
1.6898	712.1000	1.6898	712.1000	1.6898	712.1000	
1.6898	712.1000	1.6898	712.1000	1.6898	712.1000	
