0 - [ 9  3  16  28  13  1  12  26  24  6  ]
1 - [ 35  32  9  55  39  45  3  16  36  33  ]
2 - [ 35  32  81  64  59  9  3  65  62  77  ]
3 - [ 89  3  97  93  107  108  81  65  100  94  ]
4 - [ 135  138  65  134  89  115  97  100  119  120  ]
5 - [ 155  161  138  97  163  100  89  120  167  115  ]
6 - [ 177  189  169  183  163  180  195  186  192  155  ]
7 - [ 201  211  195  186  206  204  155  183  180  192  ]
8 - [ 211  186  201  235  246  252  192  232  243  249  ]
9 - [ 186  243  260  201  249  266  263  252  192  255  ]
10 - [ 243  295  263  286  291  260  300  289  192  306  ]
11 - [ 334  314  263  291  323  295  329  337  192  320  ]
12 - [ 354  357  192  291  348  323  351  263  365  341  ]
13 - [ 192  348  377  367  382  365  373  323  368  351  ]
14 - [ 399  368  407  401  404  323  365  409  192  420  ]
15 - [ 399  407  437  449  429  439  446  192  409  443  ]
16 - [ 467  399  407  461  464  475  439  455  437  458  ]
17 - [ 485  504  490  506  467  475  407  493  437  501  ]
18 - [ 475  527  517  524  437  467  506  407  519  512  ]
19 - [ 545  512  524  527  556  543  550  475  506  519  ]
20 - [ 576  564  572  578  574  561  506  550  543  475  ]
21 - [ 589  574  609  550  611  601  475  595  576  608  ]
22 - [ 632  550  622  574  634  617  609  614  608  589  ]
23 - [ 653  589  632  661  574  640  634  644  658  617  ]
24 - [ 689  574  653  640  679  589  687  666  682  676  ]
25 - [ 702  666  653  711  695  640  682  697  679  714  ]
26 - [ 741  728  682  739  695  734  721  722  653  711  ]
27 - [ 762  752  746  734  767  722  653  682  749  739  ]
28 - [ 653  749  796  782  773  787  734  752  682  739  ]
29 - [ 803  773  806  734  749  821  818  823  815  817  ]
30 - [ 817  821  734  806  853  852  831  836  828  847  ]
31 - [ 847  862  817  877  880  831  861  875  864  867  ]
32 - [ 864  888  867  880  890  861  906  847  891  875  ]
33 - [ 926  890  929  891  915  932  867  875  847  888  ]
34 - [ 959  939  875  957  948  891  926  954  890  867  ]
35 - [ 985  954  974  926  867  976  890  939  969  875  ]
36 - [ 1003  991  1001  985  976  1011  999  1009  994  926  ]
37 - [ 926  1017  1031  1020  991  1029  1003  1026  994  985  ]
38 - [ 991  1063  1056  1020  1017  1003  1048  985  1026  1052  ]
39 - [ 1063  1048  1070  1073  1065  1020  1076  985  1052  1087  ]
40 - [ 1097  1063  1106  1048  1111  1090  1095  1052  1065  1099  ]
41 - [ 1063  1111  1097  1090  1052  1095  1125  1119  1131  1134  ]
42 - [ 1154  1146  1144  1095  1158  1097  1063  1161  1134  1131  ]
43 - [ 1167  1161  1169  1146  1187  1158  1172  1063  1184  1095  ]
44 - [ 1201  1196  1169  1146  1213  1204  1184  1215  1207  1218  ]
45 - [ 1204  1207  1215  1224  1146  1213  1238  1244  1196  1169  ]
46 - [ 1271  1204  1146  1252  1268  1244  1273  1262  1169  1215  ]
47 - [ 1287  1280  1244  1281  1262  1277  1252  1215  1298  1271  ]
48 - [ 1326  1280  1311  1298  1316  1244  1319  1322  1303  1324  ]
49 - [ 1328  1341  1326  1319  1332  1280  1338  1329  1356  1350  ]
50 - [ 1350  1360  1377  1382  1329  1362  1368  1356  1374  1371  ]
51 - [ 1398  1382  1371  1403  1362  1374  1409  1408  1394  1356  ]
52 - [ 1382  1362  1412  1417  1423  1398  1429  1436  1374  1420  ]
53 - [ 1449  1417  1463  1452  1436  1429  1464  1398  1374  1412  ]
54 - [ 1481  1449  1467  1452  1473  1475  1477  1478  1488  1417  ]
55 - [ 1449  1505  1493  1496  1488  1514  1467  1502  1508  1499  ]
56 - [ 1523  1525  1488  1502  1467  1541  1531  1449  1544  1533  ]
57 - [ 1555  1561  1567  1531  1541  1564  1523  1502  1551  1552  ]
58 - [ 1567  1581  1502  1583  1577  1552  1586  1555  1579  1591  ]
59 - [ 1620  1591  1581  1623  1579  1586  1502  1614  1552  1600  ]
60 - [ 1579  1614  1645  1636  1642  1648  1631  1623  1651  1628  ]
61 - [ 1679  1623  1668  1677  1614  1645  1670  1663  1579  1674  ]
62 - [ 1688  1623  1702  1685  1705  1679  1697  1691  1614  1670  ]
63 - [ 1727  1714  1691  1725  1730  1685  1716  1614  1705  1719  ]
64 - [ 1716  1730  1759  1685  1757  1725  1749  1719  1762  1765  ]
65 - [ 1730  1765  1777  1749  1757  1719  1725  1785  1774  1772  ]
66 - [ 1813  1808  1810  1785  1772  1793  1757  1765  1777  1725  ]
67 - [ 1833  1777  1772  1835  1785  1822  1793  1842  1808  1827  ]
68 - [ 1822  1777  1808  1862  1835  1868  1860  1842  1854  1872  ]
69 - [ 1891  1835  1897  1872  1862  1894  1777  1893  1868  1899  ]
70 - [ 1925  1872  1910  1893  1891  1862  1835  1899  1919  1921  ]
71 - [ 1928  1931  1937  1939  1921  1952  1950  1949  1919  1893  ]
72 - [ 1965  1963  1919  1952  1961  1957  1959  1950  1921  1975  ]
73 - [ 1961  1952  1975  1986  1994  1989  1983  1963  1978  1959  ]
74 - [ 1963  2022  1994  1989  1978  2005  2008  1983  2029  1986  ]
75 - [ 1978  2043  2041  2056  1983  2048  2053  1989  1963  2005  ]
76 - [ 2071  2069  1983  2074  2005  1989  2077  2064  2059  1963  ]
77 - [ 2101  2059  2071  2094  1983  2091  2064  2096  2086  2110  ]
78 - [ 2125  2064  2121  2094  2118  2101  2110  2091  2128  2123  ]
79 - [ 2148  2091  2146  2162  2064  2123  2156  2143  2159  2140  ]
80 - [ 2187  2162  2064  2181  2184  2171  2148  2168  2193  2091  ]
81 - [ 2216  2171  2064  2207  2208  2168  2213  2181  2198  2196  ]
82 - [ 2168  2239  2181  2196  2221  2236  2226  2220  2207  2228  ]
83 - [ 2221  2168  2266  2260  2255  2263  2252  2220  2196  2207  ]
84 - [ 2288  2266  2298  2220  2263  2286  2255  2275  2281  2196  ]
85 - [ 2318  2303  2320  2311  2324  2263  2255  2321  2288  2220  ]
86 - [ 2346  2318  2324  2288  2328  2321  2338  2333  2348  2344  ]
87 - [ 2328  2351  2344  2288  2374  2366  2324  2371  2369  2356  ]
88 - [ 2395  2328  2403  2380  2351  2377  2392  2374  2400  2324  ]
89 - [ 2380  2351  2430  2403  2428  2392  2420  2406  2328  2422  ]
90 - [ 2433  2403  2428  2422  2449  2457  2392  2442  2420  2451  ]
91 - [ 2469  2463  2422  2403  2392  2474  2478  2485  2442  2479  ]
92 - [ 2503  2442  2403  2422  2513  2479  2500  2508  2488  2511  ]
93 - [ 2530  2488  2539  2526  2536  2518  2403  2442  2516  2513  ]
94 - [ 2518  2559  2542  2551  2554  2513  2567  2526  2539  2403  ]
95 - [ 2572  2588  2554  2577  2542  2594  2403  2582  2518  2591  ]
96 - [ 2606  2597  2617  2403  2608  2622  2614  2594  2572  2577  ]
97 - [ 2638  2606  2403  2644  2647  2622  2634  2572  2594  2617  ]
98 - [ 2622  2647  2653  2594  2670  2638  2634  2656  2659  2678  ]
99 - [ 2697  2670  2594  2681  2622  2659  2656  2691  2687  2684  ]
