15.4502	2770.1000	15.4502	2770.1000	15.4515	2770.1000	
15.4502	2770.1000	15.4502	2770.1000	15.4502	2770.1000	
15.4502	2770.1000	15.4502	2770.1000	15.4502	2770.1000	
15.4502	2770.1000	15.4502	2770.1000	15.4502	2770.1000	
15.4502	2770.1000	15.4502	2770.1000	15.4502	2770.1000	
15.4502	2770.1000	15.4502	2770.1000	15.4502	2770.1000	
15.4502	2770.1000	15.4502	2770.1000	15.4502	2770.1000	
15.4502	2770.1000	15.4502	2770.1000	15.4502	2770.1000	
15.4502	2770.1000	15.4502	2770.1000	15.4502	2770.1000	
15.4502	2770.1000	15.4502	2770.1000	15.4502	2770.1000	
15.4502	2770.1000	15.4502	2770.1000	15.4502	2770.1000	
15.4502	2770.1000	15.4502	2770.1000	15.4502	2770.1000	
15.4502	2770.1000	15.4502	2770.1000	15.4502	2770.1000	
15.4502	2770.1000	15.4502	2770.1000	15.4502	2770.1000	
15.4502	2770.1000	15.4502	2770.1000	15.4502	2770.1000	
15.4502	2770.1000	15.4502	2770.1000	15.4502	2770.1000	
15.2487	2770.1000	15.2811	2770.1000	15.2487	2770.1000	
15.2487	2770.1000	15.2487	2770.1000	15.2487	2770.1000	
15.2487	2770.1000	15.2329	2770.1000	15.2487	2770.1000	
15.2329	2770.1000	15.2329	2770.1000	15.2329	2770.1000	
15.2329	2770.1000	15.2329	2770.1000	15.2329	2770.1000	
15.2329	2770.1000	15.2329	2770.1000	15.2329	2770.1000	
15.2329	2770.1000	15.2329	2770.1000	15.2329	2770.1000	
15.2329	2770.1000	15.2329	2770.1000	15.2329	2770.1000	
15.2329	2770.1000	15.2329	2770.1000	15.2329	2770.1000	
15.2329	2770.1000	15.2329	2770.1000	15.2329	2770.1000	
15.2329	2770.1000	15.2329	2770.1000	15.2329	2770.1000	
15.2329	2770.1000	15.2329	2770.1000	15.2329	2770.1000	
15.2329	2770.1000	15.2329	2770.1000	15.2329	2770.1000	
15.2329	2770.1000	15.2329	2770.1000	15.2329	2770.1000	
15.2329	2770.1000	15.2329	2770.1000	15.2329	2770.1000	
15.2329	2770.1000	15.2329	2770.1000	15.2329	2770.1000	
15.2329	2770.1000	15.2329	2770.1000	15.2329	2770.1000	
15.2329	2770.1000	15.2329	2770.1000	15.2329	2770.1000	
15.2329	2770.1000	15.2329	2770.1000	15.2329	2770.1000	
15.2329	2770.1000	15.2329	2770.1000	15.2329	2770.1000	
15.2329	2770.1000	15.2329	2770.1000	15.2329	2770.1000	
15.2329	2770.1000	15.2329	2770.1000	15.2329	2770.1000	
15.2329	2770.1000	15.2329	2770.1000	15.2329	2770.1000	
15.2329	2770.1000	15.2329	2770.1000	15.2329	2770.1000	
15.2329	2770.1000	15.2329	2770.1000	15.2329	2770.1000	
15.2329	2770.1000	15.2329	2770.1000	15.2329	2770.1000	
15.2329	2770.1000	15.2329	2770.1000	15.2329	2770.1000	
15.2329	2770.1000	15.2329	2770.1000	15.2329	2770.1000	
15.2329	2770.1000	15.2329	2770.1000	15.2329	2770.1000	
15.2329	2770.1000	15.2329	2770.1000	15.2329	2770.1000	
15.2329	2770.1000	15.2329	2770.1000	15.2329	2770.1000	
15.2329	2770.1000	15.2329	2770.1000	15.2329	2770.1000	
15.2329	2770.1000	15.2329	2770.1000	15.2329	2770.1000	
15.2329	2770.1000	15.2329	2770.1000	15.2329	2770.1000	
15.2329	2770.1000	15.2329	2770.1000	15.2329	2770.1000	
15.2329	2770.1000	15.2329	2770.1000	15.2329	2770.1000	
15.2329	2770.1000	15.2329	2770.1000	15.2329	2770.1000	
15.2329	2770.1000	15.2329	2770.1000	15.2329	2770.1000	
15.2329	2770.1000	15.2329	2770.1000	15.2329	2770.1000	
15.2329	2770.1000	15.2329	2770.1000	15.2329	2770.1000	
15.2329	2770.1000	15.2329	2770.1000	15.2329	2770.1000	
15.2329	2770.1000	15.2329	2770.1000	15.2329	2770.1000	
15.2329	2770.1000	15.2329	2770.1000	15.2329	2770.1000	
15.2329	2770.1000	15.2329	2770.1000	15.2329	2770.1000	
15.2329	2770.1000	15.2329	2770.1000	15.2329	2770.1000	
15.2329	2770.1000	15.2329	2770.1000	15.2329	2770.1000	
15.2329	2770.1000	15.2329	2770.1000	15.2329	2770.1000	
15.2329	2770.1000	15.2329	2770.1000	15.2329	2770.1000	
15.2329	2770.1000	15.2329	2770.1000	15.2329	2770.1000	
15.2329	2770.1000	15.2329	2770.1000	15.2329	2770.1000	
15.2329	2770.1000	15.2329	2770.1000	15.2329	2770.1000	
15.2329	2770.1000	15.2329	2770.1000	15.2329	2770.1000	
15.2329	2770.1000	15.2329	2770.1000	15.2329	2770.1000	
15.2329	2770.1000	15.2329	2770.1000	15.2329	2770.1000	
15.2329	2770.1000	15.2329	2770.1000	15.2329	2770.1000	
15.2329	2770.1000	15.2329	2770.1000	15.2329	2770.1000	
15.2329	2770.1000	15.2329	2770.1000	15.2329	2770.1000	
15.2329	2770.1000	15.2329	2770.1000	15.2329	2770.1000	
15.2329	2770.1000	15.2329	2770.1000	15.2329	2770.1000	
15.2329	2770.1000	15.2329	2770.1000	15.2329	2770.1000	
15.2329	2770.1000	15.2329	2770.1000	15.2329	2770.1000	
15.2329	2770.1000	15.2329	2770.1000	15.2329	2770.1000	
15.2329	2770.1000	15.2329	2770.1000	15.2329	2770.1000	
15.2329	2770.1000	15.2329	2770.1000	15.2329	2770.1000	
15.2329	2770.1000	15.2329	2770.1000	15.2329	2770.1000	
15.2329	2770.1000	15.2329	2770.1000	15.2329	2770.1000	
15.2329	2770.1000	15.2329	2770.1000	15.2329	2770.1000	
15.2329	2770.1000	15.2329	2770.1000	15.2329	2770.1000	
15.2329	2770.1000	15.2329	2770.1000	15.2329	2770.1000	
15.2329	2770.1000	15.2329	2770.1000	15.2329	2770.1000	
15.2329	2770.1000	15.2329	2770.1000	15.2329	2770.1000	
15.2329	2770.1000	15.2329	2770.1000	15.2329	2770.1000	
15.2329	2770.1000	15.2329	2770.1000	15.2329	2770.1000	
15.2329	2770.1000	15.2329	2770.1000	15.2329	2770.1000	
15.2329	2770.1000	15.2329	2770.1000	15.2329	2770.1000	
15.2329	2770.1000	15.2329	2770.1000	15.2329	2770.1000	
15.2329	2770.1000	15.2329	2770.1000	15.2329	2770.1000	
15.2329	2770.1000	15.2329	2770.1000	15.2329	2770.1000	
15.2329	2770.1000	15.2329	2770.1000	15.2329	2770.1000	
15.2329	2770.1000	15.2329	2770.1000	15.2329	2770.1000	
15.2329	2770.1000	15.2329	2770.1000	15.2329	2770.1000	
15.2329	2770.1000	15.2329	2770.1000	15.2329	2770.1000	
15.2329	2770.1000	15.2329	2770.1000	15.2329	2770.1000	
15.2329	2770.1000	15.2329	2770.1000	15.2329	2770.1000	
