0 - [ 77  153  37  ]
1 - [ 175  177  179  181  183  173  ]
2 - [ 187  203  201  191  207  209  199  189  185  195  205  193  ]
3 - [ 241  225  255  253  235  233  211  217  227  213  245  221  223  231  257  ]
4 - [ 298  300  296  313  319  317  294  275  302  267  306  269  263  259  265  ]
5 - [ 348  325  333  362  342  350  337  356  346  382  344  378  340  329  321  ]
6 - [ 425  413  392  443  398  388  403  439  409  423  441  431  407  400  405  ]
7 - [ 467  473  457  465  449  459  445  500  483  485  487  496  451  475  463  ]
8 - [ 567  554  539  516  565  518  522  512  548  544  537  524  556  526  508  ]
9 - [ 583  622  614  610  626  577  620  612  629  592  581  616  631  573  624  ]
10 - [ 664  668  633  686  674  666  656  680  670  676  690  637  672  660  646  ]
11 - [ 745  753  739  695  743  747  731  733  719  701  707  741  723  699  703  ]
12 - [ 795  814  799  755  788  761  810  786  807  767  773  801  812  777  771  ]
13 - [ 841  874  848  860  821  829  880  837  870  852  864  878  835  831  833  ]
14 - [ 925  915  886  941  892  913  894  929  907  888  923  935  919  927  897  ]
15 - [ 980  991  949  963  988  947  1003  993  967  986  945  955  959  953  989  ]
16 - [ 1047  1048  1019  ]
17 - [ 1077  1069  1071  1073  1075  1067  ]
18 - [ 1097  1101  1085  1081  1093  1083  1091  1087  1099  1095  1089  1079  ]
19 - [ 1110  1124  1103  1114  1152  1137  1132  1126  1144  1136  1108  1148  1140  1130  1139  ]
20 - [ 1205  1156  1196  1213  1154  1180  1209  1173  1178  1176  1163  1199  1211  1207  1184  ]
21 - [ 1253  1251  1268  1235  1245  1247  1266  1257  1231  1262  1223  1260  1264  1217  1221  ]
22 - [ 1305  1297  1284  1288  1311  1299  1280  1291  1321  1307  1293  1282  1333  1309  1301  ]
23 - [ 1378  1391  1394  1396  1368  1349  1380  1382  1370  1362  1357  1345  1355  1388  1353  ]
24 - [ 1467  1456  1429  1463  1453  1413  1425  1427  1411  1443  1459  1408  1445  1437  1433  ]
25 - [ 1469  1522  1477  1475  1494  1483  1500  1504  1502  1473  1520  1528  1488  1506  1496  ]
26 - [ 1587  1543  1569  1553  1567  1563  1571  1551  1530  1541  1591  1575  1548  1589  1585  ]
27 - [ 1610  1630  1618  1600  1612  1622  1650  1638  1626  1608  1596  1632  1598  1624  1595  ]
28 - [ 1718  1687  1709  1704  1693  1671  1656  1660  1675  1658  1682  1706  1701  1666  1654  ]
29 - [ 1765  1731  1781  1779  1767  1777  1755  1775  1720  1739  1761  1725  1741  1749  1745  ]
30 - [ 1791  1821  1787  1801  1823  1825  1842  1834  1831  1809  1803  1805  1836  1783  1829  ]
31 - [ 1876  1897  1880  1889  1883  1903  1849  1866  1887  1878  1891  1853  1885  1845  1905  ]
32 - [ 1945  1911  1929  1952  1939  1927  1949  1968  1916  1954  1913  1956  1909  1931  1915  ]
33 - [ 2001  2029  1974  2009  1991  1985  2011  2021  2013  1972  1987  1995  1989  2016  2027  ]
34 - [ 2060  2042  2056  2081  2091  2079  2093  2078  2048  2073  2058  2040  2087  2065  2046  ]
35 - [ 2100  2110  2159  2149  2116  2151  2157  2104  2145  2128  2147  2118  2098  2140  2126  ]
36 - [ 2208  2218  2214  2204  2177  2169  2206  2194  2200  2173  2202  2183  2165  2187  2191  ]
37 - [ 2230  2271  2238  2277  2226  2269  2253  2249  2240  2251  2222  2236  2279  2244  2245  ]
38 - [ 2285  2297  2327  2309  2289  2325  2321  2317  2287  2311  2291  2293  2343  2299  2295  ]
39 - [ 2355  2389  2353  2383  2349  2357  2365  2375  2351  2381  2377  2385  2397  2373  2369  ]
40 - [ 2413  2417  2463  2462  2409  2444  2422  2430  2415  2411  2452  2442  2448  2426  2450  ]
41 - [ 2467  2517  2523  2486  2475  2488  2498  2484  2490  2494  2511  2513  2496  2526  2506  ]
42 - [ 2534  2540  2542  2538  2568  2536  2550  2552  2546  2558  2544  2556  2588  2548  2586  ]
43 - [ 2633  2631  2648  2592  2608  2624  2626  2604  2635  2646  2594  2611  2596  2616  2620  ]
44 - [ 2654  2658  2713  2668  2688  2704  2711  2702  2676  2662  2708  2682  2694  2696  2686  ]
45 - [ 2720  2766  2732  2764  2728  2772  2738  2754  2746  2722  2752  2718  2774  2762  2760  ]
46 - [ 2790  2776  2786  2804  2796  2806  2788  2812  2794  2780  2814  2792  2778  2810  2822  ]
47 - [ 2877  2892  2884  2838  2863  2882  2890  2879  2896  2871  2853  2849  2840  2861  2867  ]
48 - [ 2905  2937  2923  2900  2915  2949  2903  2945  2898  2947  2941  2919  2943  2957  2933  ]
49 - [ 2997  2977  2963  2959  2961  3002  2995  3024  3025  2972  3004  2984  3006  3001  2999  ]
50 - [ 3040  3036  3084  3034  3080  3072  3078  3074  3058  3054  3068  3056  3029  3066  3032  ]
51 - [ 3150  3088  3096  3127  3142  3091  3098  3102  3148  3100  3116  3133  3108  3118  3125  ]
52 - [ 3156  3197  3189  3172  3205  3160  3201  3166  3191  3195  3170  3193  3203  3158  3174  ]
53 - [ 3264  3218  3255  3220  3239  3229  3243  3222  3259  3253  3275  3261  3266  3245  3231  ]
54 - [ 3299  3339  3285  3279  3297  3331  3293  3317  3315  3311  3333  3292  3321  3281  3327  ]
55 - [ 3346  3399  3403  3397  3356  3348  3393  3391  3362  3372  3364  3368  3386  3383  3344  ]
56 - [ 3441  3410  3420  3409  3425  3439  3449  3405  3447  3455  3416  3445  3466  3461  3429  ]
57 - [ 3514  3512  3487  3523  3527  3495  3480  3525  3499  3529  3510  3489  3470  3503  3472  ]
58 - [ 3585  3581  3573  3589  3565  3551  3561  3541  3577  3567  3537  3583  3543  3531  3575  ]
59 - [ 3646  3644  3596  3649  3594  3630  3628  3591  3620  3651  3610  3636  3614  3626  3605  ]
60 - [ 3696  3661  3680  3657  3714  3706  3694  3688  3704  3665  3710  3659  3674  3692  3700  ]
61 - [ 3763  3746  3759  3730  3735  3778  3753  3765  3720  3722  3740  3716  3718  3744  3769  ]
62 - [ 3796  3840  3834  3780  3832  3800  3792  3798  3784  3788  3838  3794  3790  3817  3813  ]
63 - [ 3898  3884  3874  3854  3882  3856  3901  3860  3888  3862  3876  3892  3846  3864  3872  ]
64 - [ 3946  3909  3954  3962  3940  3911  3917  3942  3936  3913  3944  3905  3949  3956  3934  ]
65 - [ 3971  3990  4034  4025  4002  4017  3975  4000  3998  4032  3996  4028  4019  3969  3988  ]
66 - [ 4058  4066  4048  4046  4056  4052  4078  4062  4044  4080  4090  4076  4086  4054  4094  ]
67 - [ 4137  4129  4105  4131  4143  4113  4141  4155  4145  4151  4149  4119  4109  4133  4111  ]
68 - [ 4184  4200  4212  4163  4186  4214  4198  4170  4182  4167  4216  4174  4161  4172  4188  ]
69 - [ 4220  4264  4272  4222  4239  4258  4237  4231  4270  4276  4218  4227  4278  4247  4254  ]
70 - [ 4320  4338  4303  4336  4316  4297  4293  4285  4295  4281  4301  4283  4291  4306  4287  ]
71 - [ 4358  4366  4360  4354  4346  4383  4389  4387  4362  4385  4342  4399  4373  4393  4370  ]
72 - [ 4404  4460  4424  4436  4462  4449  4447  4458  4467  4420  4408  4415  4441  4454  4456  ]
73 - [ 4530  4481  4500  4520  4507  4513  4479  4483  4517  4473  4502  4505  4511  4522  4475  ]
74 - [ 4551  4588  4579  4573  4559  4532  4590  4537  4583  4575  4555  4568  4581  4549  4571  ]
75 - [ 4632  4620  4654  4600  4606  4624  4645  4628  4604  4614  4638  4640  4634  4616  4602  ]
76 - [ 4702  4696  4700  4688  4704  4717  4712  4672  4708  4678  4698  4662  4706  4690  4666  ]
77 - [ 4739  4726  4737  4781  4719  4777  4758  4745  4751  4755  4771  4735  4741  4747  4721  ]
78 - [ 4836  4783  4830  4785  4800  4820  4810  4808  4812  4796  4792  4790  4814  4834  4818  ]
79 - [ 4848  4886  4858  4852  4892  4874  4854  4862  4844  4884  4890  4872  4864  4860  4850  ]
80 - [ 4939  4922  4936  4918  4966  4928  4930  4957  4924  4908  4932  4937  4926  4941  4910  ]
81 - [ 4990  4970  4968  5019  5017  5012  4988  5027  5004  5000  4996  5025  4994  4983  5021  ]
82 - [ 5031  5082  5039  5066  5086  5076  5064  5037  5043  5088  5052  5072  5049  5054  5080  ]
83 - [ 5135  5137  5133  5141  5129  5143  5096  5117  5131  5123  5100  5115  5151  5119  5145  ]
84 - [ 5171  5169  5193  5199  5209  5195  5155  5163  5165  5173  5167  5201  5191  5175  5181  ]
85 - [ 5223  5271  5258  5215  5227  5243  5265  5236  5260  5267  5253  5234  5255  5249  5276  ]
86 - [ 5325  5311  5331  5323  5287  5297  5317  5291  5319  5293  5321  5327  5289  5337  5284  ]
87 - [ 5391  5399  5363  5371  5369  5397  5387  5383  5354  5341  5385  5356  5379  5344  5361  ]
88 - [ 5442  5406  5416  5423  5451  5427  5457  5429  5412  5459  5408  5444  5455  5414  5462  ]
89 - [ 5506  5468  5500  5490  5502  5496  5478  5470  5522  5498  5512  5524  5494  5480  5510  ]
90 - [ 5565  5552  5542  5576  5554  5540  5574  5567  5548  5582  5538  5580  5570  5559  5532  ]
91 - [ 5650  5588  5592  5648  5628  5590  5640  5618  5638  5607  5624  5615  5603  5596  5622  ]
92 - [ 5713  5682  5654  5690  5695  5684  5707  5676  5692  5668  5709  5711  5670  5699  5701  ]
93 - [ 5723  5777  5774  5748  5719  5764  5750  5726  5739  5758  5742  5762  5733  5768  5717  ]
94 - [ 5804  5816  5824  5828  5806  5782  5790  5794  5798  5818  5826  5800  5812  5814  5834  ]
95 - [ 5881  5850  5860  5885  5890  5842  5887  5872  5844  5862  5883  5900  5864  5848  5878  ]
96 - [ 5910  5918  5930  5952  5912  5942  5936  5948  5932  5924  5954  5922  5914  5950  5944  ]
97 - [ 6002  5976  5998  6018  5980  6022  5986  6008  6006  6015  6020  5966  5964  6014  5974  ]
98 - [ 6045  6024  6057  6033  6063  6028  6067  6073  6053  6069  6077  6051  6041  6055  6039  ]
99 - [ 6098  6134  6088  6124  6106  6122  6130  6114  6092  6136  6108  6140  6128  6138  6104  ]
