0 - [ 1  ]
1 - [ 1  ]
2 - [ 2  ]
3 - [ 2  ]
4 - [ 2  ]
5 - [ 2  ]
6 - [ 2  ]
7 - [ 2  ]
8 - [ 2  ]
9 - [ 2  ]
10 - [ 2  ]
11 - [ 2  ]
12 - [ 2  ]
13 - [ 2  ]
14 - [ 2  ]
15 - [ 2  ]
16 - [ 2  ]
17 - [ 2  ]
18 - [ 2  ]
19 - [ 2  ]
20 - [ 2  ]
21 - [ 2  ]
22 - [ 2  ]
23 - [ 2  ]
24 - [ 2  ]
25 - [ 2  ]
26 - [ 2  ]
27 - [ 2  ]
28 - [ 2  ]
29 - [ 2  ]
30 - [ 2  ]
31 - [ 2  ]
32 - [ 2  ]
33 - [ 2  ]
34 - [ 2  ]
35 - [ 2  ]
36 - [ 2  ]
37 - [ 2  ]
38 - [ 2  ]
39 - [ 2  ]
40 - [ 2  ]
41 - [ 2  ]
42 - [ 2  ]
43 - [ 2  ]
44 - [ 2  ]
45 - [ 2  ]
46 - [ 2  ]
47 - [ 2  ]
48 - [ 2  ]
49 - [ 2  ]
50 - [ 2  ]
51 - [ 2  ]
52 - [ 2  ]
53 - [ 2  ]
54 - [ 2  ]
55 - [ 2  ]
56 - [ 2  ]
57 - [ 2  ]
58 - [ 2  ]
59 - [ 2  ]
60 - [ 2  ]
61 - [ 2  ]
62 - [ 2  ]
63 - [ 2  ]
64 - [ 2  ]
65 - [ 2  ]
66 - [ 2  ]
67 - [ 2  ]
68 - [ 2  ]
69 - [ 2  ]
70 - [ 2  ]
71 - [ 2  ]
72 - [ 2  ]
73 - [ 2  ]
74 - [ 2  ]
75 - [ 2  ]
76 - [ 2  ]
77 - [ 2  ]
78 - [ 2  ]
79 - [ 2  ]
80 - [ 2  ]
81 - [ 2  ]
82 - [ 2  ]
83 - [ 2  ]
84 - [ 2  ]
85 - [ 2  ]
86 - [ 2  ]
87 - [ 2  ]
88 - [ 2  ]
89 - [ 2  ]
90 - [ 2  ]
91 - [ 2  ]
92 - [ 2  ]
93 - [ 2  ]
94 - [ 2  ]
95 - [ 2  ]
96 - [ 2  ]
97 - [ 2  ]
98 - [ 2  ]
99 - [ 2  ]
100 - [ 2  ]
101 - [ 2  ]
102 - [ 2  ]
103 - [ 2  ]
104 - [ 2  ]
105 - [ 2  ]
106 - [ 2  ]
107 - [ 2  ]
108 - [ 2  ]
109 - [ 2  ]
110 - [ 2  ]
111 - [ 2  ]
112 - [ 2  ]
113 - [ 2  ]
114 - [ 2  ]
115 - [ 2  ]
116 - [ 2  ]
117 - [ 2  ]
118 - [ 2  ]
119 - [ 2  ]
120 - [ 2  ]
121 - [ 2  ]
122 - [ 2  ]
123 - [ 2  ]
124 - [ 2  ]
125 - [ 2  ]
126 - [ 2  ]
127 - [ 2  ]
128 - [ 2  ]
129 - [ 2  ]
130 - [ 2  ]
131 - [ 2  ]
132 - [ 2  ]
133 - [ 2  ]
134 - [ 2  ]
135 - [ 2  ]
136 - [ 2  ]
137 - [ 2  ]
138 - [ 2  ]
139 - [ 2  ]
140 - [ 2  ]
141 - [ 2  ]
142 - [ 2  ]
143 - [ 2  ]
144 - [ 2  ]
145 - [ 2  ]
146 - [ 2  ]
147 - [ 2  ]
148 - [ 2  ]
149 - [ 2  ]
150 - [ 1625  ]
151 - [ 1625  ]
152 - [ 1625  ]
153 - [ 1625  ]
154 - [ 1625  ]
155 - [ 1625  ]
156 - [ 1625  ]
157 - [ 1625  ]
158 - [ 1625  ]
159 - [ 1625  ]
160 - [ 1625  ]
161 - [ 1625  ]
162 - [ 1625  ]
163 - [ 1625  ]
164 - [ 1625  ]
165 - [ 1625  ]
166 - [ 1625  ]
167 - [ 1625  ]
168 - [ 1643  1625  ]
169 - [ 1643  1625  ]
170 - [ 1625  1643  ]
171 - [ 1625  1643  ]
172 - [ 1625  1643  ]
173 - [ 1625  1643  ]
174 - [ 1625  1643  ]
175 - [ 1625  1643  ]
176 - [ 1625  1643  ]
177 - [ 1625  1643  ]
178 - [ 1625  1643  ]
179 - [ 1625  1643  ]
180 - [ 1643  1625  ]
181 - [ 1643  1625  ]
182 - [ 1625  1643  ]
183 - [ 1625  1643  ]
184 - [ 1643  1625  ]
185 - [ 1625  1643  ]
186 - [ 1625  1643  ]
187 - [ 1643  1625  ]
188 - [ 1625  1643  ]
189 - [ 1625  1643  ]
190 - [ 1625  1643  ]
191 - [ 1643  1625  ]
192 - [ 1643  1625  ]
193 - [ 1625  1643  ]
194 - [ 1625  1643  ]
195 - [ 1643  1625  ]
196 - [ 1625  1643  ]
197 - [ 1643  1625  ]
198 - [ 1625  1643  ]
199 - [ 1643  1625  ]
200 - [ 1625  1643  ]
201 - [ 1643  1625  ]
202 - [ 1643  1625  ]
203 - [ 1625  1643  ]
204 - [ 1643  1625  ]
205 - [ 1625  1643  ]
206 - [ 1625  1643  ]
207 - [ 1625  1643  ]
208 - [ 1625  1643  ]
209 - [ 1625  1643  ]
210 - [ 1643  1625  ]
211 - [ 1625  1643  ]
212 - [ 1643  1625  ]
213 - [ 1643  1625  ]
214 - [ 1625  1643  ]
215 - [ 1643  1625  ]
216 - [ 1625  1643  ]
217 - [ 1625  1643  ]
218 - [ 1625  1643  ]
219 - [ 1643  1625  ]
220 - [ 1625  1643  ]
221 - [ 1625  1643  ]
222 - [ 1643  1625  ]
223 - [ 1643  1625  ]
224 - [ 1643  1625  ]
225 - [ 1700  1643  ]
226 - [ 1643  1700  ]
227 - [ 1643  1700  ]
228 - [ 1643  1700  ]
229 - [ 1643  1700  ]
230 - [ 1643  1700  ]
231 - [ 1700  1643  ]
232 - [ 1700  1643  ]
233 - [ 1700  1643  ]
234 - [ 1643  1700  ]
235 - [ 1700  1643  ]
236 - [ 1700  1643  ]
237 - [ 1700  1643  ]
238 - [ 1643  1700  ]
239 - [ 1700  1643  ]
240 - [ 1700  1643  ]
241 - [ 1643  1700  ]
242 - [ 1643  1700  ]
243 - [ 1643  1700  ]
244 - [ 1700  1643  ]
245 - [ 1700  1643  ]
246 - [ 1643  1700  ]
247 - [ 1643  1700  ]
248 - [ 1700  1643  ]
249 - [ 1643  1700  ]
250 - [ 1700  1643  ]
251 - [ 1700  1643  ]
252 - [ 1700  1643  ]
253 - [ 1700  1643  ]
254 - [ 1700  1643  ]
255 - [ 1643  1700  ]
256 - [ 1700  1643  ]
257 - [ 1700  1643  ]
258 - [ 1700  1643  ]
259 - [ 1643  1700  ]
260 - [ 1700  1643  ]
261 - [ 1643  1700  ]
262 - [ 1700  1643  ]
263 - [ 1700  1643  ]
264 - [ 1643  1700  ]
265 - [ 1700  1643  ]
266 - [ 1643  1700  ]
267 - [ 1700  1643  ]
268 - [ 1643  1700  ]
269 - [ 1643  1700  ]
270 - [ 1643  1700  ]
271 - [ 1643  1700  ]
272 - [ 1643  1700  ]
273 - [ 1643  1700  ]
274 - [ 1700  1643  ]
275 - [ 1700  1643  ]
276 - [ 1700  1643  ]
277 - [ 1700  1643  ]
278 - [ 1643  1700  ]
279 - [ 1643  1700  ]
280 - [ 1700  1643  ]
281 - [ 1643  1700  ]
282 - [ 1643  1700  ]
283 - [ 1700  1643  ]
284 - [ 1643  1700  ]
285 - [ 1643  1700  ]
286 - [ 1643  1700  ]
287 - [ 1700  1643  ]
288 - [ 1643  1700  ]
289 - [ 1643  1700  ]
290 - [ 1643  1700  ]
291 - [ 1643  1700  ]
292 - [ 1700  1643  ]
293 - [ 1700  1643  ]
294 - [ 1700  1643  ]
295 - [ 1643  1700  ]
296 - [ 1643  1700  ]
297 - [ 1700  1643  ]
298 - [ 1643  1700  ]
299 - [ 1643  1700  ]
300 - [ 1643  1700  ]
301 - [ 1643  1700  ]
302 - [ 1700  1643  ]
303 - [ 1643  1700  ]
304 - [ 1643  1700  ]
305 - [ 1643  1700  ]
306 - [ 1700  1643  ]
307 - [ 1700  1643  ]
308 - [ 1643  1700  ]
309 - [ 1643  1700  ]
310 - [ 1700  1643  ]
311 - [ 1700  1643  ]
312 - [ 1700  1643  ]
313 - [ 1700  1643  ]
314 - [ 1700  1643  ]
315 - [ 1700  1643  ]
316 - [ 1700  1643  ]
317 - [ 1700  1643  ]
318 - [ 1643  1700  ]
319 - [ 1643  1700  ]
320 - [ 1643  1700  ]
321 - [ 1700  1796  ]
322 - [ 1796  1700  ]
323 - [ 1796  1700  ]
324 - [ 1796  1700  ]
325 - [ 1796  1700  ]
326 - [ 1796  1700  ]
327 - [ 1796  1700  ]
328 - [ 1796  1700  ]
329 - [ 1700  1796  ]
330 - [ 1796  1700  ]
331 - [ 1700  1796  ]
332 - [ 1700  1796  ]
333 - [ 1796  1700  ]
334 - [ 1700  1796  ]
335 - [ 1700  1796  ]
336 - [ 1700  1796  ]
337 - [ 1700  1796  ]
338 - [ 1796  1700  ]
339 - [ 1796  1700  ]
340 - [ 1796  1700  ]
341 - [ 1700  1796  ]
342 - [ 1700  1796  ]
343 - [ 1700  1796  ]
344 - [ 1700  1796  ]
345 - [ 1700  1796  ]
346 - [ 1796  1700  ]
347 - [ 1796  1700  ]
348 - [ 1700  1796  ]
349 - [ 1796  1700  ]
350 - [ 1796  1700  ]
351 - [ 1700  1796  ]
352 - [ 1796  1700  ]
353 - [ 1796  1700  ]
354 - [ 1796  1700  ]
355 - [ 1796  1700  ]
356 - [ 1700  1796  ]
357 - [ 1796  1700  ]
358 - [ 1796  1700  ]
359 - [ 1700  1796  ]
360 - [ 1796  1700  ]
361 - [ 1796  1700  ]
362 - [ 1796  1700  ]
363 - [ 1700  1796  ]
364 - [ 1796  1700  ]
365 - [ 1796  1700  ]
366 - [ 1796  1700  ]
367 - [ 1700  1796  ]
368 - [ 1796  1700  ]
369 - [ 1700  1796  ]
370 - [ 1796  1700  ]
371 - [ 1796  1700  ]
372 - [ 1796  1700  ]
373 - [ 1700  1796  ]
374 - [ 1700  1796  ]
375 - [ 1796  1700  ]
376 - [ 1796  1700  ]
377 - [ 1700  1796  ]
378 - [ 1796  1700  ]
379 - [ 1700  1796  ]
380 - [ 1700  1796  ]
381 - [ 1700  1796  ]
382 - [ 1700  1796  ]
383 - [ 1700  1796  ]
384 - [ 1700  1796  ]
385 - [ 1796  1700  ]
386 - [ 1700  1796  ]
387 - [ 1796  1700  ]
388 - [ 1796  1700  ]
389 - [ 1700  1796  ]
390 - [ 1700  1796  ]
391 - [ 1796  1700  ]
392 - [ 1700  1796  ]
393 - [ 1796  1700  ]
394 - [ 1796  1700  ]
395 - [ 1796  1700  ]
396 - [ 1796  1700  ]
397 - [ 1700  1796  ]
398 - [ 1796  1700  ]
399 - [ 1700  1796  ]
400 - [ 1700  1796  ]
401 - [ 1700  1796  ]
402 - [ 1700  1796  ]
403 - [ 1700  1796  ]
404 - [ 1700  1796  ]
405 - [ 1700  1796  ]
406 - [ 1700  1796  ]
407 - [ 1796  1700  ]
408 - [ 1796  1700  ]
409 - [ 1700  1796  ]
410 - [ 1796  1700  ]
411 - [ 1700  1796  ]
412 - [ 1700  1796  ]
413 - [ 1700  1796  ]
414 - [ 1796  1700  ]
415 - [ 1700  1796  ]
416 - [ 1700  1796  ]
417 - [ 1796  1700  ]
418 - [ 1700  1796  ]
419 - [ 1700  1796  ]
420 - [ 1700  1796  ]
421 - [ 1700  1796  ]
422 - [ 1796  1700  ]
423 - [ 1796  1700  ]
424 - [ 1796  1700  ]
425 - [ 1796  1700  ]
426 - [ 1796  1700  ]
427 - [ 1796  1700  ]
428 - [ 1700  1796  ]
429 - [ 1700  1796  ]
430 - [ 1796  1700  ]
431 - [ 1796  1700  ]
432 - [ 1700  1796  ]
433 - [ 1796  1700  ]
434 - [ 1700  1796  ]
435 - [ 1796  1700  ]
436 - [ 1700  1796  ]
437 - [ 1796  1700  ]
438 - [ 1796  1700  ]
439 - [ 1796  1700  ]
440 - [ 1700  1796  ]
441 - [ 1796  1700  ]
442 - [ 1796  1700  ]
443 - [ 1700  1796  ]
444 - [ 1700  1796  ]
445 - [ 1796  1700  ]
446 - [ 1700  1796  ]
447 - [ 1700  1796  ]
448 - [ 1700  1796  ]
449 - [ 1796  1700  ]
450 - [ 1796  1700  ]
451 - [ 1796  1700  ]
452 - [ 1700  1796  ]
453 - [ 1796  1700  ]
454 - [ 1796  1700  ]
455 - [ 1796  1700  ]
456 - [ 1796  1700  ]
457 - [ 1796  1700  ]
458 - [ 1796  1700  ]
459 - [ 1700  1796  ]
460 - [ 1700  1796  ]
461 - [ 1796  1700  ]
462 - [ 1700  1796  ]
463 - [ 1700  1796  ]
464 - [ 1796  1700  ]
465 - [ 1700  1796  ]
466 - [ 1796  1700  ]
467 - [ 1700  1796  ]
468 - [ 1796  1700  ]
469 - [ 1700  1796  ]
470 - [ 1796  1700  ]
471 - [ 1796  1700  ]
472 - [ 1700  1796  ]
473 - [ 1700  1796  ]
474 - [ 1700  1796  ]
475 - [ 1700  1796  ]
476 - [ 1700  1796  ]
477 - [ 1796  1700  ]
478 - [ 1700  1796  ]
479 - [ 1796  1700  ]
480 - [ 1796  1700  ]
481 - [ 1796  1700  ]
482 - [ 1796  1700  ]
483 - [ 1700  1796  ]
484 - [ 1796  1700  ]
485 - [ 1796  1700  ]
486 - [ 1796  1700  ]
487 - [ 1796  1700  ]
488 - [ 1700  1796  ]
489 - [ 1700  1796  ]
490 - [ 1700  1796  ]
491 - [ 1796  1700  ]
492 - [ 1700  1796  ]
493 - [ 1700  1796  ]
494 - [ 1700  1796  ]
495 - [ 1700  1796  ]
496 - [ 1700  1796  ]
497 - [ 1796  1700  ]
498 - [ 1796  1700  ]
499 - [ 1796  1700  ]
500 - [ 1796  1700  ]
501 - [ 1796  1700  ]
502 - [ 1796  1700  ]
503 - [ 1700  1796  ]
504 - [ 1796  1700  ]
505 - [ 1796  1700  ]
506 - [ 1796  1700  ]
507 - [ 1700  1796  ]
508 - [ 1700  1796  ]
509 - [ 1700  1796  ]
510 - [ 1796  1700  ]
511 - [ 1700  1796  ]
512 - [ 1700  1796  ]
513 - [ 1700  1796  ]
514 - [ 1700  1796  ]
515 - [ 1700  1796  ]
516 - [ 1700  1796  ]
517 - [ 1700  1796  ]
518 - [ 1700  1796  ]
519 - [ 1700  1796  ]
520 - [ 1700  1796  ]
521 - [ 1796  1700  ]
522 - [ 1796  1700  ]
523 - [ 1700  1796  ]
524 - [ 1796  1700  ]
525 - [ 1700  1796  ]
526 - [ 1700  1796  ]
527 - [ 1796  1700  ]
528 - [ 1796  1700  ]
529 - [ 1796  1700  ]
530 - [ 1796  1700  ]
531 - [ 1700  1796  ]
532 - [ 1796  1700  ]
533 - [ 1796  1700  ]
534 - [ 1700  1796  ]
535 - [ 1700  1796  ]
536 - [ 1700  1796  ]
537 - [ 1796  1700  ]
538 - [ 1796  1700  ]
539 - [ 1700  1796  ]
540 - [ 1796  1700  ]
541 - [ 1700  1796  ]
542 - [ 1700  1796  ]
543 - [ 1796  1700  ]
544 - [ 1796  1700  ]
545 - [ 1796  1700  ]
546 - [ 1700  1796  ]
547 - [ 1700  1796  ]
548 - [ 1796  1700  ]
549 - [ 1796  1700  ]
550 - [ 1700  1796  ]
551 - [ 1700  1796  ]
552 - [ 1796  1700  ]
553 - [ 1796  1700  ]
554 - [ 1700  1796  ]
555 - [ 1700  1796  ]
556 - [ 1796  1700  ]
557 - [ 1796  1700  ]
558 - [ 1700  1796  ]
559 - [ 1796  1700  ]
560 - [ 1700  1796  ]
561 - [ 1700  1796  ]
562 - [ 1796  1700  ]
563 - [ 1700  1796  ]
564 - [ 1700  1796  ]
565 - [ 1796  1700  ]
566 - [ 1700  1796  ]
567 - [ 1700  1796  ]
568 - [ 1700  1796  ]
569 - [ 1700  1796  ]
570 - [ 1700  1796  ]
571 - [ 1796  1700  ]
572 - [ 1796  1700  ]
573 - [ 1700  1796  ]
574 - [ 1700  1796  ]
575 - [ 1796  1700  ]
576 - [ 1796  1700  ]
577 - [ 1796  1700  ]
578 - [ 1700  1796  ]
579 - [ 1700  1796  ]
580 - [ 1796  1700  ]
581 - [ 1796  1700  ]
582 - [ 1700  1796  ]
583 - [ 1796  1700  ]
584 - [ 1796  1700  ]
585 - [ 1700  1796  ]
586 - [ 1796  1700  ]
587 - [ 1796  1700  ]
588 - [ 1700  1796  ]
589 - [ 1700  1796  ]
590 - [ 1796  1700  ]
591 - [ 1700  1796  ]
592 - [ 1700  1796  ]
593 - [ 1700  1796  ]
594 - [ 1796  1700  ]
595 - [ 1796  1700  ]
596 - [ 1796  1700  ]
597 - [ 1796  1700  ]
598 - [ 1796  1700  ]
599 - [ 1700  1796  ]
600 - [ 1796  1700  ]
601 - [ 1700  1796  ]
602 - [ 1796  1700  ]
603 - [ 1796  1700  ]
604 - [ 1700  1796  ]
605 - [ 1700  1796  ]
606 - [ 1796  1700  ]
607 - [ 1700  1796  ]
608 - [ 1700  1796  ]
609 - [ 1796  1700  ]
610 - [ 1796  1700  ]
611 - [ 1700  1796  ]
612 - [ 1700  1796  ]
613 - [ 1796  1700  ]
614 - [ 1700  1796  ]
615 - [ 1700  1796  ]
616 - [ 1796  1700  ]
617 - [ 1700  1796  ]
618 - [ 1796  1700  ]
619 - [ 1796  1700  ]
620 - [ 1700  1796  ]
621 - [ 1796  1700  ]
622 - [ 1796  1700  ]
623 - [ 1796  1700  ]
624 - [ 1796  1700  ]
625 - [ 1796  1700  ]
626 - [ 1796  1700  ]
627 - [ 1700  1796  ]
628 - [ 1700  1796  ]
629 - [ 1796  1700  ]
630 - [ 1796  1700  ]
631 - [ 1700  1796  ]
632 - [ 1700  1796  ]
633 - [ 1700  1796  ]
634 - [ 1700  1796  ]
635 - [ 1796  1700  ]
636 - [ 1796  1700  ]
637 - [ 1796  1700  ]
638 - [ 1700  1796  ]
639 - [ 1796  1700  ]
640 - [ 1796  1700  ]
641 - [ 1700  1796  ]
642 - [ 1700  1796  ]
643 - [ 1700  1796  ]
644 - [ 1796  1700  ]
645 - [ 1700  1796  ]
646 - [ 1796  1700  ]
647 - [ 1700  1796  ]
648 - [ 1700  1796  ]
649 - [ 1796  1700  ]
650 - [ 1700  1796  ]
651 - [ 1700  1796  ]
652 - [ 1700  1796  ]
653 - [ 1700  1796  ]
654 - [ 1700  1796  ]
655 - [ 1700  1796  ]
656 - [ 1700  1796  ]
657 - [ 1700  1796  ]
658 - [ 1700  1796  ]
659 - [ 1796  1700  ]
660 - [ 1700  1796  ]
661 - [ 1700  1796  ]
662 - [ 1700  1796  ]
663 - [ 1700  1796  ]
664 - [ 1700  1796  ]
665 - [ 1700  1796  ]
666 - [ 1700  1796  ]
667 - [ 1796  1700  ]
668 - [ 1700  1796  ]
669 - [ 1700  1796  ]
670 - [ 1796  1700  ]
671 - [ 1796  1700  ]
672 - [ 1700  1796  ]
673 - [ 1700  1796  ]
674 - [ 1700  1796  ]
675 - [ 1796  1700  ]
676 - [ 1796  1700  ]
677 - [ 1700  1796  ]
678 - [ 1796  1700  ]
679 - [ 1796  1700  ]
680 - [ 1796  1700  ]
681 - [ 1700  1796  ]
682 - [ 1700  1796  ]
683 - [ 1796  1700  ]
684 - [ 1700  1796  ]
685 - [ 1796  1700  ]
686 - [ 1796  1700  ]
687 - [ 1796  1700  ]
688 - [ 1700  1796  ]
689 - [ 1796  1700  ]
690 - [ 1700  1796  ]
691 - [ 1796  1700  ]
692 - [ 1700  1796  ]
693 - [ 1700  1796  ]
694 - [ 1796  1700  ]
695 - [ 1796  1700  ]
696 - [ 1796  1700  ]
697 - [ 1700  1796  ]
698 - [ 1796  1700  ]
699 - [ 1796  1700  ]
700 - [ 1700  1796  ]
701 - [ 1700  1796  ]
702 - [ 1796  1700  ]
703 - [ 1796  1700  ]
704 - [ 1700  1796  ]
705 - [ 1700  1796  ]
706 - [ 1700  1796  ]
707 - [ 1700  1796  ]
708 - [ 1796  1700  ]
709 - [ 1796  1700  ]
710 - [ 1700  1796  ]
711 - [ 1796  1700  ]
712 - [ 1700  1796  ]
713 - [ 1700  1796  ]
714 - [ 1796  1700  ]
715 - [ 1700  1796  ]
716 - [ 1796  1700  ]
717 - [ 1796  1700  ]
718 - [ 1796  1700  ]
719 - [ 1700  1796  ]
720 - [ 1796  1700  ]
721 - [ 1700  1796  ]
722 - [ 1700  1796  ]
723 - [ 1796  1700  ]
724 - [ 1700  1796  ]
725 - [ 1796  1700  ]
726 - [ 1796  1700  ]
727 - [ 1700  1796  ]
728 - [ 1796  1700  ]
729 - [ 1796  1700  ]
730 - [ 1700  1796  ]
731 - [ 1796  1700  ]
732 - [ 1796  1700  ]
733 - [ 1700  1796  ]
734 - [ 1796  1700  ]
735 - [ 1700  1796  ]
736 - [ 1700  1796  ]
737 - [ 1796  1700  ]
738 - [ 1796  1700  ]
739 - [ 1796  1700  ]
740 - [ 1700  1796  ]
741 - [ 1700  1796  ]
742 - [ 1796  1700  ]
743 - [ 1700  1796  ]
744 - [ 1796  1700  ]
745 - [ 1796  1700  ]
746 - [ 1796  1700  ]
747 - [ 1700  1796  ]
748 - [ 1700  1796  ]
749 - [ 1700  1796  ]
750 - [ 1700  1796  ]
751 - [ 1700  1796  ]
752 - [ 1796  1700  ]
753 - [ 1700  1796  ]
754 - [ 1796  1700  ]
755 - [ 1796  1700  ]
756 - [ 1796  1700  ]
757 - [ 1796  1700  ]
758 - [ 1700  1796  ]
759 - [ 1796  1700  ]
760 - [ 1796  1700  ]
761 - [ 1796  1700  ]
762 - [ 1796  1700  ]
763 - [ 1700  1796  ]
764 - [ 1796  1700  ]
765 - [ 1700  1796  ]
766 - [ 1700  1796  ]
767 - [ 1700  1796  ]
768 - [ 1796  1700  ]
769 - [ 1700  1796  ]
770 - [ 1700  1796  ]
771 - [ 1700  1796  ]
772 - [ 1796  1700  ]
773 - [ 1700  1796  ]
774 - [ 1796  1700  ]
775 - [ 1700  1796  ]
776 - [ 1700  1796  ]
777 - [ 1700  1796  ]
778 - [ 1700  1796  ]
779 - [ 1700  1796  ]
780 - [ 1700  1796  ]
781 - [ 1700  1796  ]
782 - [ 1796  1700  ]
783 - [ 1700  1796  ]
784 - [ 1796  1700  ]
785 - [ 1700  1796  ]
786 - [ 1700  1796  ]
787 - [ 1796  1700  ]
788 - [ 1700  1796  ]
789 - [ 1700  1796  ]
790 - [ 1700  1796  ]
791 - [ 1796  1700  ]
792 - [ 1796  1700  ]
793 - [ 1700  1796  ]
794 - [ 1700  1796  ]
795 - [ 1796  1700  ]
796 - [ 1796  1700  ]
797 - [ 1700  1796  ]
798 - [ 1796  1700  ]
799 - [ 1700  1796  ]
800 - [ 1796  1700  ]
801 - [ 1796  1700  ]
802 - [ 1700  1796  ]
803 - [ 1700  1796  ]
804 - [ 1796  1700  ]
805 - [ 1796  1700  ]
806 - [ 1796  1700  ]
807 - [ 1796  1700  ]
808 - [ 1796  1700  ]
809 - [ 1796  1700  ]
810 - [ 1796  1700  ]
811 - [ 1700  1796  ]
812 - [ 1796  1700  ]
813 - [ 1796  1700  ]
814 - [ 1700  1796  ]
815 - [ 1796  1700  ]
816 - [ 1796  1700  ]
817 - [ 1700  1796  ]
818 - [ 1796  1700  ]
819 - [ 1700  1796  ]
820 - [ 1796  1700  ]
821 - [ 1796  1700  ]
822 - [ 1796  1700  ]
823 - [ 1700  1796  ]
824 - [ 1700  1796  ]
825 - [ 1796  1700  ]
826 - [ 1700  1796  ]
827 - [ 1700  1796  ]
828 - [ 1796  1700  ]
829 - [ 1700  1796  ]
830 - [ 1700  1796  ]
831 - [ 1700  1796  ]
832 - [ 1700  1796  ]
833 - [ 1796  1700  ]
834 - [ 1700  1796  ]
835 - [ 1796  1700  ]
836 - [ 1796  1700  ]
837 - [ 1700  1796  ]
838 - [ 1700  1796  ]
839 - [ 1700  1796  ]
840 - [ 1796  1700  ]
841 - [ 1796  1700  ]
842 - [ 1796  1700  ]
843 - [ 1796  1700  ]
844 - [ 1700  1796  ]
845 - [ 1796  1700  ]
846 - [ 1700  1796  ]
847 - [ 1700  1796  ]
848 - [ 1700  1796  ]
849 - [ 1700  1796  ]
850 - [ 1796  1700  ]
851 - [ 1700  1796  ]
852 - [ 1796  1700  ]
853 - [ 1796  1700  ]
854 - [ 1700  1796  ]
855 - [ 1700  1796  ]
856 - [ 1700  1796  ]
857 - [ 1700  1796  ]
858 - [ 1700  1796  ]
859 - [ 1700  1796  ]
860 - [ 1700  1796  ]
861 - [ 1700  1796  ]
862 - [ 1796  1700  ]
863 - [ 1796  1700  ]
864 - [ 1700  1796  ]
865 - [ 1796  1700  ]
866 - [ 1796  1700  ]
867 - [ 1700  1796  ]
868 - [ 1796  1700  ]
869 - [ 1796  1700  ]
870 - [ 1700  1796  ]
871 - [ 1700  1796  ]
872 - [ 1700  1796  ]
873 - [ 1796  1700  ]
874 - [ 1700  1796  ]
875 - [ 1796  1700  ]
876 - [ 1796  1700  ]
877 - [ 1700  1796  ]
878 - [ 1700  1796  ]
879 - [ 1796  1700  ]
880 - [ 1700  1796  ]
881 - [ 1796  1700  ]
882 - [ 1796  1700  ]
883 - [ 1700  1796  ]
884 - [ 1796  1700  ]
885 - [ 1700  1796  ]
886 - [ 1700  1796  ]
887 - [ 1700  1796  ]
888 - [ 1796  1700  ]
889 - [ 1700  1796  ]
890 - [ 1796  1700  ]
891 - [ 1796  1700  ]
892 - [ 1700  1796  ]
893 - [ 1796  1700  ]
894 - [ 1796  1700  ]
895 - [ 1700  1796  ]
896 - [ 1700  1796  ]
897 - [ 1796  1700  ]
898 - [ 1700  1796  ]
899 - [ 1796  1700  ]
900 - [ 1700  1796  ]
901 - [ 1700  1796  ]
902 - [ 1796  1700  ]
903 - [ 1796  1700  ]
904 - [ 1700  1796  ]
905 - [ 1796  1700  ]
906 - [ 1700  1796  ]
907 - [ 1796  1700  ]
908 - [ 1700  1796  ]
909 - [ 1700  1796  ]
910 - [ 1796  1700  ]
911 - [ 1700  1796  ]
912 - [ 2387  ]
913 - [ 2387  ]
914 - [ 2387  ]
915 - [ 2387  ]
916 - [ 2387  ]
917 - [ 2387  ]
918 - [ 2387  ]
919 - [ 2387  ]
920 - [ 2387  ]
921 - [ 2387  ]
922 - [ 2387  ]
923 - [ 2387  ]
924 - [ 2387  ]
925 - [ 2387  ]
926 - [ 2387  ]
927 - [ 2387  ]
928 - [ 2387  ]
929 - [ 2387  ]
930 - [ 2387  ]
931 - [ 2387  ]
932 - [ 2387  ]
933 - [ 2387  ]
934 - [ 2387  ]
935 - [ 2387  ]
936 - [ 2387  ]
937 - [ 2387  ]
938 - [ 2387  ]
939 - [ 2387  ]
940 - [ 2387  ]
941 - [ 2387  ]
942 - [ 2387  ]
943 - [ 2387  ]
944 - [ 2387  ]
945 - [ 2387  ]
946 - [ 2387  ]
947 - [ 2387  ]
948 - [ 2387  ]
949 - [ 2387  ]
950 - [ 2387  ]
951 - [ 2387  ]
952 - [ 2387  ]
953 - [ 2387  ]
954 - [ 2387  ]
955 - [ 2387  ]
956 - [ 2387  ]
957 - [ 2387  ]
958 - [ 2387  ]
959 - [ 2387  ]
960 - [ 2387  ]
961 - [ 2387  ]
962 - [ 2387  ]
963 - [ 2387  ]
964 - [ 2387  ]
965 - [ 2387  ]
966 - [ 2387  ]
967 - [ 2387  ]
968 - [ 2387  ]
969 - [ 2387  ]
970 - [ 2387  ]
971 - [ 2387  ]
972 - [ 2387  ]
973 - [ 2387  ]
974 - [ 2387  ]
975 - [ 2387  ]
976 - [ 2387  ]
977 - [ 2387  ]
978 - [ 2387  ]
979 - [ 2387  ]
980 - [ 2387  ]
981 - [ 2387  ]
982 - [ 2387  ]
983 - [ 2387  ]
984 - [ 2387  ]
985 - [ 2387  ]
986 - [ 2387  ]
987 - [ 2387  ]
988 - [ 2387  ]
989 - [ 2387  ]
990 - [ 2387  ]
991 - [ 2387  ]
992 - [ 2387  ]
993 - [ 2387  ]
994 - [ 2387  ]
995 - [ 2387  ]
996 - [ 2387  ]
997 - [ 2387  ]
998 - [ 2387  ]
999 - [ 2387  ]
