0 - [ 1  ]
1 - [ 1  ]
2 - [ 2  ]
3 - [ 1479  ]
4 - [ 1479  ]
5 - [ 1479  ]
6 - [ 1479  ]
7 - [ 1479  ]
8 - [ 1479  ]
9 - [ 1479  ]
10 - [ 1479  ]
11 - [ 1479  ]
12 - [ 1479  ]
13 - [ 1479  ]
14 - [ 1490  1479  ]
15 - [ 1479  1490  ]
16 - [ 1490  1479  ]
17 - [ 1479  1490  ]
18 - [ 1490  1479  ]
19 - [ 1479  1490  ]
20 - [ 1479  1490  ]
21 - [ 1490  1479  ]
22 - [ 1490  1479  ]
23 - [ 1479  1490  ]
24 - [ 1479  1490  ]
25 - [ 1479  1490  ]
26 - [ 1490  1479  ]
27 - [ 1479  1490  ]
28 - [ 1490  1479  ]
29 - [ 1490  1479  ]
30 - [ 1479  1490  ]
31 - [ 1479  1490  ]
32 - [ 1490  1479  ]
33 - [ 1490  1479  ]
34 - [ 1490  1479  ]
35 - [ 1479  1490  ]
36 - [ 1490  1479  ]
37 - [ 1479  1490  ]
38 - [ 1479  1490  ]
39 - [ 1479  1490  ]
40 - [ 1479  1490  ]
41 - [ 1490  1479  ]
42 - [ 1490  1479  ]
43 - [ 1479  1490  ]
44 - [ 1490  1479  ]
45 - [ 1479  1490  ]
46 - [ 1490  1479  ]
47 - [ 1479  1490  ]
48 - [ 1479  1490  ]
49 - [ 1479  1490  ]
50 - [ 1479  1490  ]
51 - [ 1490  1479  ]
52 - [ 1479  1490  ]
53 - [ 1490  1479  ]
54 - [ 1490  1479  ]
55 - [ 1479  1490  ]
56 - [ 1479  1490  ]
57 - [ 1479  1490  ]
58 - [ 1479  1490  ]
59 - [ 1479  1490  ]
60 - [ 1490  1479  ]
61 - [ 1479  1537  ]
62 - [ 1537  1479  ]
63 - [ 1537  1479  ]
64 - [ 1479  1537  ]
65 - [ 1479  1537  ]
66 - [ 1479  1537  ]
67 - [ 1537  1479  ]
68 - [ 1537  1479  ]
69 - [ 1479  1537  ]
70 - [ 1537  1479  ]
71 - [ 1537  1479  ]
72 - [ 1479  1537  ]
73 - [ 1537  1479  ]
74 - [ 1479  1537  ]
75 - [ 1537  1479  ]
76 - [ 1537  1479  ]
77 - [ 1537  1479  ]
78 - [ 1479  1537  ]
79 - [ 1479  1537  ]
80 - [ 1479  1537  ]
81 - [ 1537  1479  ]
82 - [ 1479  1537  ]
83 - [ 1479  1537  ]
84 - [ 1479  1537  ]
85 - [ 1537  1479  ]
86 - [ 1479  1537  ]
87 - [ 1479  1537  ]
88 - [ 1537  1479  ]
89 - [ 1537  1479  ]
90 - [ 1479  1537  ]
91 - [ 1537  1479  ]
92 - [ 1479  1537  ]
93 - [ 1479  1537  ]
94 - [ 1479  1537  ]
95 - [ 1479  1537  ]
96 - [ 1537  1479  ]
97 - [ 1537  1479  ]
98 - [ 1479  1537  ]
99 - [ 1537  1479  ]
100 - [ 1537  1479  ]
101 - [ 1537  1479  ]
102 - [ 1537  1479  ]
103 - [ 1479  1537  ]
104 - [ 1537  1479  ]
105 - [ 1479  1537  ]
106 - [ 1537  1479  ]
107 - [ 1479  1537  ]
108 - [ 1479  1537  ]
109 - [ 1479  1537  ]
110 - [ 1537  1479  ]
111 - [ 1537  1479  ]
112 - [ 1537  1479  ]
113 - [ 1479  1537  ]
114 - [ 1537  1479  ]
115 - [ 1479  1537  ]
116 - [ 1537  1479  ]
117 - [ 1537  1479  ]
118 - [ 1479  1537  ]
119 - [ 1479  1537  ]
120 - [ 1537  1479  ]
121 - [ 1479  1537  ]
122 - [ 1479  1537  ]
123 - [ 1479  1537  ]
124 - [ 1479  1537  ]
125 - [ 1537  1479  ]
126 - [ 1479  1537  ]
127 - [ 1537  1479  ]
128 - [ 1479  1537  ]
129 - [ 1479  1537  ]
130 - [ 1479  1537  ]
131 - [ 1479  1537  ]
132 - [ 1479  1537  ]
133 - [ 1537  1479  ]
134 - [ 1537  1479  ]
135 - [ 1479  1537  ]
136 - [ 1479  1537  ]
137 - [ 1537  1479  ]
138 - [ 1479  1537  ]
139 - [ 1479  1537  ]
140 - [ 1537  1479  ]
141 - [ 1537  1479  ]
142 - [ 1479  1537  ]
143 - [ 1537  1479  ]
144 - [ 1479  1537  ]
145 - [ 1537  1479  ]
146 - [ 1537  1479  ]
147 - [ 1479  1537  ]
148 - [ 1479  1537  ]
149 - [ 1479  1537  ]
150 - [ 1479  1537  ]
151 - [ 1537  1479  ]
152 - [ 1537  1479  ]
153 - [ 1479  1537  ]
154 - [ 1479  1537  ]
155 - [ 1479  1537  ]
156 - [ 1537  1479  ]
157 - [ 1479  1537  ]
158 - [ 1479  1537  ]
159 - [ 1479  1537  ]
160 - [ 1479  1537  ]
161 - [ 1479  1537  ]
162 - [ 1537  1479  ]
163 - [ 1537  1479  ]
164 - [ 1479  1537  ]
165 - [ 1537  1479  ]
166 - [ 1537  1479  ]
167 - [ 1479  1537  ]
168 - [ 1537  1479  ]
169 - [ 1537  1479  ]
170 - [ 1537  1479  ]
171 - [ 1537  1479  ]
172 - [ 1537  1479  ]
173 - [ 1479  1537  ]
174 - [ 1479  1537  ]
175 - [ 1537  1479  ]
176 - [ 1479  1537  ]
177 - [ 1479  1537  ]
178 - [ 1537  1479  ]
179 - [ 1479  1537  ]
180 - [ 1479  1537  ]
181 - [ 1479  1537  ]
182 - [ 1479  1537  ]
183 - [ 1537  1479  ]
184 - [ 1537  1479  ]
185 - [ 1537  1479  ]
186 - [ 1479  1537  ]
187 - [ 1537  1479  ]
188 - [ 1537  1479  ]
189 - [ 1479  1537  ]
190 - [ 1479  1537  ]
191 - [ 1479  1537  ]
192 - [ 1479  1537  ]
193 - [ 1479  1537  ]
194 - [ 1479  1537  ]
195 - [ 1537  1479  ]
196 - [ 1537  1479  ]
197 - [ 1537  1479  ]
198 - [ 1537  1479  ]
199 - [ 1537  1479  ]
200 - [ 1537  1479  ]
201 - [ 1479  1537  ]
202 - [ 1537  1479  ]
203 - [ 1479  1537  ]
204 - [ 1479  1537  ]
205 - [ 1537  1479  ]
206 - [ 1479  1537  ]
207 - [ 1479  1537  ]
208 - [ 1479  1537  ]
209 - [ 1479  1537  ]
210 - [ 1537  1479  ]
211 - [ 1479  1537  ]
212 - [ 1537  1479  ]
213 - [ 1537  1479  ]
214 - [ 1537  1479  ]
215 - [ 1479  1537  ]
216 - [ 1537  1479  ]
217 - [ 1537  1479  ]
218 - [ 1479  1537  ]
219 - [ 1479  1537  ]
220 - [ 1537  1479  ]
221 - [ 1479  1537  ]
222 - [ 1479  1537  ]
223 - [ 1479  1537  ]
224 - [ 1537  1479  ]
225 - [ 1479  1537  ]
226 - [ 1537  1479  ]
227 - [ 1537  1479  ]
228 - [ 1479  1537  ]
229 - [ 1537  1479  ]
230 - [ 1479  1537  ]
231 - [ 1479  1537  ]
232 - [ 1537  1479  ]
233 - [ 1537  1479  ]
234 - [ 1479  1537  ]
235 - [ 1479  1537  ]
236 - [ 1537  1479  ]
237 - [ 1479  1537  ]
238 - [ 1479  1537  ]
239 - [ 1479  1537  ]
240 - [ 1537  1479  ]
241 - [ 1537  1479  ]
242 - [ 1479  1537  ]
243 - [ 1479  1537  ]
244 - [ 1537  1479  ]
245 - [ 1537  1479  ]
246 - [ 1537  1479  ]
247 - [ 1479  1537  ]
248 - [ 1537  1479  ]
249 - [ 1479  1537  ]
250 - [ 1479  1537  ]
251 - [ 1479  1537  ]
252 - [ 1479  1537  ]
253 - [ 1537  1479  ]
254 - [ 1479  1537  ]
255 - [ 1537  1479  ]
256 - [ 1479  1537  ]
257 - [ 1479  1537  ]
258 - [ 1537  1479  ]
259 - [ 1479  1537  ]
260 - [ 1479  1537  ]
261 - [ 1479  1537  ]
262 - [ 1537  1479  ]
263 - [ 1537  1479  ]
264 - [ 1479  1537  ]
265 - [ 1479  1537  ]
266 - [ 1479  1537  ]
267 - [ 1479  1537  ]
268 - [ 1479  1537  ]
269 - [ 1537  1479  ]
270 - [ 1479  1537  ]
271 - [ 1479  1537  ]
272 - [ 1537  1479  ]
273 - [ 1479  1537  ]
274 - [ 1537  1479  ]
275 - [ 1537  1479  ]
276 - [ 1479  1537  ]
277 - [ 1537  1479  ]
278 - [ 1479  1537  ]
279 - [ 1537  1479  ]
280 - [ 1479  1537  ]
281 - [ 1479  1537  ]
282 - [ 1479  1537  ]
283 - [ 1537  1479  ]
284 - [ 1537  1479  ]
285 - [ 1537  1479  ]
286 - [ 1537  1479  ]
287 - [ 1479  1537  ]
288 - [ 1479  1537  ]
289 - [ 1537  1479  ]
290 - [ 1537  1479  ]
291 - [ 1479  1537  ]
292 - [ 1479  1537  ]
293 - [ 1537  1479  ]
294 - [ 1537  1479  ]
295 - [ 1537  1479  ]
296 - [ 1537  1479  ]
297 - [ 1479  1537  ]
298 - [ 1479  1537  ]
299 - [ 1537  1479  ]
300 - [ 1479  1537  ]
301 - [ 1537  1479  ]
302 - [ 1479  1537  ]
303 - [ 1537  1479  ]
304 - [ 1479  1537  ]
305 - [ 1537  1479  ]
306 - [ 1479  1537  ]
307 - [ 1479  1537  ]
308 - [ 1537  1479  ]
309 - [ 1537  1479  ]
310 - [ 1479  1537  ]
311 - [ 1479  1537  ]
312 - [ 1537  1479  ]
313 - [ 1537  1479  ]
314 - [ 1479  1537  ]
315 - [ 1479  1537  ]
316 - [ 1537  1479  ]
317 - [ 1537  1479  ]
318 - [ 1479  1537  ]
319 - [ 1537  1479  ]
320 - [ 1537  1479  ]
321 - [ 1537  1479  ]
322 - [ 1537  1479  ]
323 - [ 1479  1537  ]
324 - [ 1537  1479  ]
325 - [ 1537  1479  ]
326 - [ 1537  1479  ]
327 - [ 1479  1537  ]
328 - [ 1479  1537  ]
329 - [ 1479  1537  ]
330 - [ 1537  1479  ]
331 - [ 1537  1479  ]
332 - [ 1479  1537  ]
333 - [ 1479  1537  ]
334 - [ 1479  1537  ]
335 - [ 1537  1479  ]
336 - [ 1537  1479  ]
337 - [ 1537  1479  ]
338 - [ 1479  1537  ]
339 - [ 1537  1479  ]
340 - [ 1537  1479  ]
341 - [ 1537  1479  ]
342 - [ 1479  1537  ]
343 - [ 1479  1537  ]
344 - [ 1537  1479  ]
345 - [ 1537  1479  ]
346 - [ 1537  1479  ]
347 - [ 1479  1537  ]
348 - [ 1537  1479  ]
349 - [ 1479  1537  ]
350 - [ 1537  1479  ]
351 - [ 1479  1537  ]
352 - [ 1479  1537  ]
353 - [ 1537  1479  ]
354 - [ 1537  1479  ]
355 - [ 1479  1537  ]
356 - [ 1479  1537  ]
357 - [ 1479  1537  ]
358 - [ 1479  1537  ]
359 - [ 1537  1479  ]
360 - [ 1537  1479  ]
361 - [ 1537  1479  ]
362 - [ 1537  1479  ]
363 - [ 1537  1479  ]
364 - [ 1479  1537  ]
365 - [ 1479  1537  ]
366 - [ 1479  1537  ]
367 - [ 1537  1479  ]
368 - [ 1479  1537  ]
369 - [ 1537  1479  ]
370 - [ 1537  1479  ]
371 - [ 1537  1479  ]
372 - [ 1537  1479  ]
373 - [ 1537  1479  ]
374 - [ 1479  1537  ]
375 - [ 1537  1479  ]
376 - [ 1537  1479  ]
377 - [ 1479  1537  ]
378 - [ 1479  1537  ]
379 - [ 1479  1537  ]
380 - [ 1479  1537  ]
381 - [ 1537  1479  ]
382 - [ 1479  1537  ]
383 - [ 1479  1537  ]
384 - [ 1537  1479  ]
385 - [ 1479  1537  ]
386 - [ 1479  1537  ]
387 - [ 1537  1479  ]
388 - [ 1537  1479  ]
389 - [ 1537  1479  ]
390 - [ 1479  1537  ]
391 - [ 1479  1537  ]
392 - [ 1479  1537  ]
393 - [ 1479  1537  ]
394 - [ 1479  1537  ]
395 - [ 1537  1479  ]
396 - [ 1479  1537  ]
397 - [ 1479  1537  ]
398 - [ 1479  1537  ]
399 - [ 1537  1479  ]
400 - [ 1479  1537  ]
401 - [ 1537  1479  ]
402 - [ 1479  1537  ]
403 - [ 1537  1479  ]
404 - [ 1479  1537  ]
405 - [ 1479  1537  ]
406 - [ 1479  1537  ]
407 - [ 1479  1537  ]
408 - [ 1537  1479  ]
409 - [ 1479  1537  ]
410 - [ 1479  1537  ]
411 - [ 1479  1537  ]
412 - [ 1479  1537  ]
413 - [ 1479  1537  ]
414 - [ 1537  1479  ]
415 - [ 1479  1537  ]
416 - [ 1537  1479  ]
417 - [ 1537  1479  ]
418 - [ 1479  1537  ]
419 - [ 1479  1537  ]
420 - [ 1479  1537  ]
421 - [ 1479  1537  ]
422 - [ 1537  1479  ]
423 - [ 1537  1479  ]
424 - [ 1479  1537  ]
425 - [ 1479  1537  ]
426 - [ 1479  1537  ]
427 - [ 1537  1479  ]
428 - [ 1537  1479  ]
429 - [ 1479  1537  ]
430 - [ 1537  1479  ]
431 - [ 1479  1537  ]
432 - [ 1479  1537  ]
433 - [ 1479  1537  ]
434 - [ 1537  1479  ]
435 - [ 1479  1537  ]
436 - [ 1537  1479  ]
437 - [ 1479  1537  ]
438 - [ 1479  1537  ]
439 - [ 1537  1479  ]
440 - [ 1537  1479  ]
441 - [ 1537  1479  ]
442 - [ 1537  1479  ]
443 - [ 1537  1479  ]
444 - [ 1479  1537  ]
445 - [ 1479  1537  ]
446 - [ 1479  1537  ]
447 - [ 1537  1479  ]
448 - [ 1537  1479  ]
449 - [ 1479  1537  ]
450 - [ 1479  1537  ]
451 - [ 1479  1537  ]
452 - [ 1537  1479  ]
453 - [ 1479  1537  ]
454 - [ 1479  1537  ]
455 - [ 1537  1479  ]
456 - [ 1479  1537  ]
457 - [ 1537  1479  ]
458 - [ 1479  1537  ]
459 - [ 1479  1537  ]
460 - [ 1537  1479  ]
461 - [ 1537  1479  ]
462 - [ 1479  1537  ]
463 - [ 1479  1537  ]
464 - [ 1479  1537  ]
465 - [ 1537  1479  ]
466 - [ 1537  1479  ]
467 - [ 1479  1537  ]
468 - [ 1479  1537  ]
469 - [ 1537  1479  ]
470 - [ 1479  1537  ]
471 - [ 1537  1479  ]
472 - [ 1537  1479  ]
473 - [ 1479  1537  ]
474 - [ 1537  1479  ]
475 - [ 1479  1537  ]
476 - [ 1537  1479  ]
477 - [ 1479  1537  ]
478 - [ 1479  1537  ]
479 - [ 1537  1479  ]
480 - [ 1537  1479  ]
481 - [ 1479  1537  ]
482 - [ 1537  1479  ]
483 - [ 1479  1537  ]
484 - [ 1537  1479  ]
485 - [ 1479  1537  ]
486 - [ 1537  1479  ]
487 - [ 1537  1479  ]
488 - [ 1537  1479  ]
489 - [ 1537  1479  ]
490 - [ 1479  1537  ]
491 - [ 1479  1537  ]
492 - [ 1537  1479  ]
493 - [ 1537  1479  ]
494 - [ 1479  1537  ]
495 - [ 1537  1479  ]
496 - [ 1537  1479  ]
497 - [ 1479  1537  ]
498 - [ 1537  1479  ]
499 - [ 1479  1537  ]
500 - [ 1537  1479  ]
501 - [ 1537  1479  ]
502 - [ 1479  1537  ]
503 - [ 1537  1479  ]
504 - [ 1479  1537  ]
505 - [ 1479  1537  ]
506 - [ 1479  1537  ]
507 - [ 1537  1479  ]
508 - [ 1479  1537  ]
509 - [ 1537  1479  ]
510 - [ 1537  1479  ]
511 - [ 1537  1479  ]
512 - [ 1479  1537  ]
513 - [ 1537  1479  ]
514 - [ 1537  1479  ]
515 - [ 1479  1537  ]
516 - [ 1537  1479  ]
517 - [ 1537  1479  ]
518 - [ 1479  1537  ]
519 - [ 1479  1537  ]
520 - [ 1537  1479  ]
521 - [ 1479  1537  ]
522 - [ 1537  1479  ]
523 - [ 1537  1479  ]
524 - [ 1537  1479  ]
525 - [ 1479  1537  ]
526 - [ 1479  1537  ]
527 - [ 1479  1537  ]
528 - [ 1479  1537  ]
529 - [ 1479  1537  ]
530 - [ 1537  1479  ]
531 - [ 1479  1537  ]
532 - [ 1537  1479  ]
533 - [ 1479  1537  ]
534 - [ 1537  1479  ]
535 - [ 1479  1537  ]
536 - [ 1537  1479  ]
537 - [ 1479  1537  ]
538 - [ 1479  1537  ]
539 - [ 1479  1537  ]
540 - [ 1479  1537  ]
541 - [ 1537  1479  ]
542 - [ 1479  1537  ]
543 - [ 1479  1537  ]
544 - [ 1479  1537  ]
545 - [ 1537  1479  ]
546 - [ 1537  1479  ]
547 - [ 1479  1537  ]
548 - [ 1479  1537  ]
549 - [ 1537  1479  ]
550 - [ 1537  1479  ]
551 - [ 1479  1537  ]
552 - [ 1479  1537  ]
553 - [ 1479  1537  ]
554 - [ 1537  1479  ]
555 - [ 1537  1479  ]
556 - [ 1537  1479  ]
557 - [ 1537  1479  ]
558 - [ 1537  1479  ]
559 - [ 1479  1537  ]
560 - [ 1479  1537  ]
561 - [ 1479  1537  ]
562 - [ 1537  1479  ]
563 - [ 1479  1537  ]
564 - [ 1479  1537  ]
565 - [ 1479  1537  ]
566 - [ 1537  1479  ]
567 - [ 1537  1479  ]
568 - [ 1479  1537  ]
569 - [ 1537  1479  ]
570 - [ 1479  1537  ]
571 - [ 1537  1479  ]
572 - [ 1537  1479  ]
573 - [ 1537  1479  ]
574 - [ 1479  1537  ]
575 - [ 1479  1537  ]
576 - [ 1479  1537  ]
577 - [ 1479  1537  ]
578 - [ 1479  1537  ]
579 - [ 1479  1537  ]
580 - [ 1479  1537  ]
581 - [ 1537  1479  ]
582 - [ 1537  1479  ]
583 - [ 1479  1537  ]
584 - [ 1479  1537  ]
585 - [ 1537  1479  ]
586 - [ 1537  1479  ]
587 - [ 1537  1479  ]
588 - [ 1537  1479  ]
589 - [ 1537  1479  ]
590 - [ 1537  1479  ]
591 - [ 1479  1537  ]
592 - [ 1537  1479  ]
593 - [ 1537  1479  ]
594 - [ 1537  1479  ]
595 - [ 1479  1537  ]
596 - [ 1537  1479  ]
597 - [ 1537  1479  ]
598 - [ 1479  1537  ]
599 - [ 1479  1537  ]
600 - [ 1537  1479  ]
601 - [ 1479  1537  ]
602 - [ 1479  1537  ]
603 - [ 1479  1537  ]
604 - [ 1479  1537  ]
605 - [ 1479  1537  ]
606 - [ 1537  1479  ]
607 - [ 1479  1537  ]
608 - [ 1537  1479  ]
609 - [ 1479  1537  ]
610 - [ 1479  1537  ]
611 - [ 1537  1479  ]
612 - [ 1537  1479  ]
613 - [ 1537  1479  ]
614 - [ 1537  1479  ]
615 - [ 1479  1537  ]
616 - [ 1537  1479  ]
617 - [ 1537  1479  ]
618 - [ 1537  1479  ]
619 - [ 1537  1479  ]
620 - [ 1537  1479  ]
621 - [ 1479  1537  ]
622 - [ 1479  1537  ]
623 - [ 1479  1537  ]
624 - [ 1537  1479  ]
625 - [ 1537  1479  ]
626 - [ 1537  1479  ]
627 - [ 1537  1479  ]
628 - [ 1537  1479  ]
629 - [ 1479  1537  ]
630 - [ 1537  1479  ]
631 - [ 1537  1479  ]
632 - [ 1479  1537  ]
633 - [ 1537  1479  ]
634 - [ 1537  1479  ]
635 - [ 1537  1479  ]
636 - [ 1479  1537  ]
637 - [ 1479  1537  ]
638 - [ 1479  1537  ]
639 - [ 1479  1537  ]
640 - [ 1479  1537  ]
641 - [ 1537  1479  ]
642 - [ 1537  1479  ]
643 - [ 1479  1537  ]
644 - [ 1537  1479  ]
645 - [ 1537  1479  ]
646 - [ 1537  1479  ]
647 - [ 1537  1479  ]
648 - [ 1479  1537  ]
649 - [ 1537  1479  ]
650 - [ 1479  1537  ]
651 - [ 1479  1537  ]
652 - [ 1479  1537  ]
653 - [ 1479  1537  ]
654 - [ 1537  1479  ]
655 - [ 1537  1479  ]
656 - [ 1537  1479  ]
657 - [ 1479  1537  ]
658 - [ 1479  1537  ]
659 - [ 1479  1537  ]
660 - [ 1479  1537  ]
661 - [ 1479  1537  ]
662 - [ 1537  1479  ]
663 - [ 1479  1537  ]
664 - [ 1479  1537  ]
665 - [ 1479  1537  ]
666 - [ 1537  1479  ]
667 - [ 1479  1537  ]
668 - [ 1479  1537  ]
669 - [ 1537  1479  ]
670 - [ 1537  1479  ]
671 - [ 1479  1537  ]
672 - [ 1479  1537  ]
673 - [ 1479  1537  ]
674 - [ 1537  1479  ]
675 - [ 1537  1479  ]
676 - [ 1537  1479  ]
677 - [ 1537  1479  ]
678 - [ 1479  1537  ]
679 - [ 1479  1537  ]
680 - [ 1537  1479  ]
681 - [ 1479  1537  ]
682 - [ 1479  1537  ]
683 - [ 1537  1479  ]
684 - [ 1537  1479  ]
685 - [ 1537  1479  ]
686 - [ 1479  1537  ]
687 - [ 1537  1479  ]
688 - [ 1479  1537  ]
689 - [ 1479  1537  ]
690 - [ 1479  1537  ]
691 - [ 1537  1479  ]
692 - [ 1537  1479  ]
693 - [ 1479  1537  ]
694 - [ 1537  1479  ]
695 - [ 1479  1537  ]
696 - [ 1479  1537  ]
697 - [ 1479  1537  ]
698 - [ 1537  1479  ]
699 - [ 1537  1479  ]
700 - [ 1479  1537  ]
701 - [ 1479  1537  ]
702 - [ 1479  1537  ]
703 - [ 1479  1537  ]
704 - [ 1479  1537  ]
705 - [ 1537  1479  ]
706 - [ 1479  1537  ]
707 - [ 1537  1479  ]
708 - [ 1479  1537  ]
709 - [ 1537  1479  ]
710 - [ 1537  1479  ]
711 - [ 1479  1537  ]
712 - [ 1479  1537  ]
713 - [ 1537  1479  ]
714 - [ 1479  1537  ]
715 - [ 1479  1537  ]
716 - [ 1537  1479  ]
717 - [ 1537  1479  ]
718 - [ 1479  1537  ]
719 - [ 1479  1537  ]
720 - [ 1479  1537  ]
721 - [ 1537  1479  ]
722 - [ 1479  1537  ]
723 - [ 1479  1537  ]
724 - [ 1479  1537  ]
725 - [ 1479  1537  ]
726 - [ 1537  1479  ]
727 - [ 1537  1479  ]
728 - [ 1537  1479  ]
729 - [ 1479  1537  ]
730 - [ 1479  1537  ]
731 - [ 1537  1479  ]
732 - [ 1479  1537  ]
733 - [ 1537  1479  ]
734 - [ 1537  1479  ]
735 - [ 1537  1479  ]
736 - [ 1537  1479  ]
737 - [ 1537  1479  ]
738 - [ 1479  1537  ]
739 - [ 1537  1479  ]
740 - [ 1479  1537  ]
741 - [ 1537  1479  ]
742 - [ 1537  1479  ]
743 - [ 1537  1479  ]
744 - [ 1537  1479  ]
745 - [ 1537  1479  ]
746 - [ 1479  1537  ]
747 - [ 1537  1479  ]
748 - [ 1537  1479  ]
749 - [ 1537  1479  ]
750 - [ 1537  1479  ]
751 - [ 1479  1537  ]
752 - [ 1537  1479  ]
753 - [ 1537  1479  ]
754 - [ 1537  1479  ]
755 - [ 1479  1537  ]
756 - [ 1537  1479  ]
757 - [ 1537  1479  ]
758 - [ 1479  1537  ]
759 - [ 1537  1479  ]
760 - [ 1479  1537  ]
761 - [ 1479  1537  ]
762 - [ 1537  1479  ]
763 - [ 1479  1537  ]
764 - [ 1537  1479  ]
765 - [ 1537  1479  ]
766 - [ 1479  1537  ]
767 - [ 1537  1479  ]
768 - [ 1479  1537  ]
769 - [ 1479  1537  ]
770 - [ 1479  1537  ]
771 - [ 1479  1537  ]
772 - [ 1537  1479  ]
773 - [ 1479  1537  ]
774 - [ 1479  1537  ]
775 - [ 1537  1479  ]
776 - [ 1479  1537  ]
777 - [ 1479  1537  ]
778 - [ 1537  1479  ]
779 - [ 1479  1537  ]
780 - [ 1537  1479  ]
781 - [ 1537  1479  ]
782 - [ 1479  1537  ]
783 - [ 1537  1479  ]
784 - [ 1479  1537  ]
785 - [ 1479  1537  ]
786 - [ 1537  1479  ]
787 - [ 1479  1537  ]
788 - [ 1537  1479  ]
789 - [ 1479  1537  ]
790 - [ 1537  1479  ]
791 - [ 1537  1479  ]
792 - [ 1479  1537  ]
793 - [ 1479  1537  ]
794 - [ 1479  1537  ]
795 - [ 1479  1537  ]
796 - [ 1537  1479  ]
797 - [ 1479  1537  ]
798 - [ 1537  1479  ]
799 - [ 1479  1537  ]
800 - [ 1479  1537  ]
801 - [ 1537  1479  ]
802 - [ 1479  1537  ]
803 - [ 1537  1479  ]
804 - [ 1537  1479  ]
805 - [ 1479  1537  ]
806 - [ 1537  1479  ]
807 - [ 1479  1537  ]
808 - [ 1537  1479  ]
809 - [ 1479  1537  ]
810 - [ 1479  1537  ]
811 - [ 1537  1479  ]
812 - [ 1537  1479  ]
813 - [ 1479  1537  ]
814 - [ 1537  1479  ]
815 - [ 1537  1479  ]
816 - [ 1479  1537  ]
817 - [ 1537  1479  ]
818 - [ 1479  1537  ]
819 - [ 1537  1479  ]
820 - [ 1479  1537  ]
821 - [ 1537  1479  ]
822 - [ 1479  1537  ]
823 - [ 1537  1479  ]
824 - [ 1479  1537  ]
825 - [ 1479  1537  ]
826 - [ 1537  1479  ]
827 - [ 1479  1537  ]
828 - [ 1537  1479  ]
829 - [ 1537  1479  ]
830 - [ 1537  1479  ]
831 - [ 1479  1537  ]
832 - [ 1537  1479  ]
833 - [ 1479  1537  ]
834 - [ 1479  1537  ]
835 - [ 1479  1537  ]
836 - [ 1537  1479  ]
837 - [ 1537  1479  ]
838 - [ 1479  1537  ]
839 - [ 1537  1479  ]
840 - [ 1537  1479  ]
841 - [ 1479  1537  ]
842 - [ 1479  1537  ]
843 - [ 1537  1479  ]
844 - [ 1479  1537  ]
845 - [ 1537  1479  ]
846 - [ 1537  1479  ]
847 - [ 1537  1479  ]
848 - [ 1537  1479  ]
849 - [ 1479  1537  ]
850 - [ 1537  1479  ]
851 - [ 1479  1537  ]
852 - [ 1537  1479  ]
853 - [ 1537  1479  ]
854 - [ 1537  1479  ]
855 - [ 1479  1537  ]
856 - [ 1537  1479  ]
857 - [ 1537  1479  ]
858 - [ 1537  1479  ]
859 - [ 1479  1537  ]
860 - [ 1537  1479  ]
861 - [ 1537  1479  ]
862 - [ 1537  1479  ]
863 - [ 1537  1479  ]
864 - [ 1479  1537  ]
865 - [ 1479  1537  ]
866 - [ 1479  1537  ]
867 - [ 1479  1537  ]
868 - [ 1537  1479  ]
869 - [ 1537  1479  ]
870 - [ 1479  1537  ]
871 - [ 1537  1479  ]
872 - [ 1479  1537  ]
873 - [ 1479  1537  ]
874 - [ 1537  1479  ]
875 - [ 1479  1537  ]
876 - [ 1479  1537  ]
877 - [ 1537  1479  ]
878 - [ 1537  1479  ]
879 - [ 1479  1537  ]
880 - [ 1479  1537  ]
881 - [ 1479  1537  ]
882 - [ 1479  1537  ]
883 - [ 1537  1479  ]
884 - [ 1479  1537  ]
885 - [ 1537  1479  ]
886 - [ 1479  1537  ]
887 - [ 1537  1479  ]
888 - [ 1537  1479  ]
889 - [ 1537  1479  ]
890 - [ 1479  1537  ]
891 - [ 1537  1479  ]
892 - [ 1537  1479  ]
893 - [ 1537  1479  ]
894 - [ 1479  1537  ]
895 - [ 1479  1537  ]
896 - [ 1537  1479  ]
897 - [ 1537  1479  ]
898 - [ 1479  1537  ]
899 - [ 1537  1479  ]
900 - [ 1479  1537  ]
901 - [ 1537  1479  ]
902 - [ 1537  1479  ]
903 - [ 1537  1479  ]
904 - [ 1479  1537  ]
905 - [ 1537  1479  ]
906 - [ 1479  1537  ]
907 - [ 1479  1537  ]
908 - [ 1479  1537  ]
909 - [ 1479  1537  ]
910 - [ 1537  1479  ]
911 - [ 1479  1537  ]
912 - [ 1479  1537  ]
913 - [ 1537  1479  ]
914 - [ 1537  1479  ]
915 - [ 1479  1537  ]
916 - [ 1537  1479  ]
917 - [ 1479  1537  ]
918 - [ 1479  1537  ]
919 - [ 1537  1479  ]
920 - [ 1479  1537  ]
921 - [ 1537  1479  ]
922 - [ 1479  1537  ]
923 - [ 1537  1479  ]
924 - [ 1537  1479  ]
925 - [ 1479  1537  ]
926 - [ 1537  1479  ]
927 - [ 1537  1479  ]
928 - [ 1479  1537  ]
929 - [ 1537  1479  ]
930 - [ 1537  1479  ]
931 - [ 1479  1537  ]
932 - [ 1479  1537  ]
933 - [ 1479  1537  ]
934 - [ 1537  1479  ]
935 - [ 1479  1537  ]
936 - [ 1479  1537  ]
937 - [ 1479  1537  ]
938 - [ 1537  1479  ]
939 - [ 1479  1537  ]
940 - [ 1537  1479  ]
941 - [ 1537  1479  ]
942 - [ 1479  1537  ]
943 - [ 1537  1479  ]
944 - [ 1479  1537  ]
945 - [ 1479  1537  ]
946 - [ 1537  1479  ]
947 - [ 1537  1479  ]
948 - [ 1479  1537  ]
949 - [ 1537  1479  ]
950 - [ 1537  1479  ]
951 - [ 1537  1479  ]
952 - [ 1479  1537  ]
953 - [ 1537  1479  ]
954 - [ 1479  1537  ]
955 - [ 1479  1537  ]
956 - [ 1479  1537  ]
957 - [ 1537  1479  ]
958 - [ 1479  1537  ]
959 - [ 1537  1479  ]
960 - [ 1479  1537  ]
961 - [ 1537  1479  ]
962 - [ 1479  1537  ]
963 - [ 1479  1537  ]
964 - [ 1479  1537  ]
965 - [ 1479  1537  ]
966 - [ 1537  1479  ]
967 - [ 1479  1537  ]
968 - [ 1479  1537  ]
969 - [ 1537  1479  ]
970 - [ 1537  1479  ]
971 - [ 1537  1479  ]
972 - [ 1479  1537  ]
973 - [ 1537  1479  ]
974 - [ 1537  1479  ]
975 - [ 1479  1537  ]
976 - [ 1479  1537  ]
977 - [ 1479  1537  ]
978 - [ 1537  1479  ]
979 - [ 1479  1537  ]
980 - [ 1537  1479  ]
981 - [ 1479  1537  ]
982 - [ 1479  1537  ]
983 - [ 1479  1537  ]
984 - [ 1537  1479  ]
985 - [ 1479  1537  ]
986 - [ 1479  1537  ]
987 - [ 1479  1537  ]
988 - [ 1537  1479  ]
989 - [ 1537  1479  ]
990 - [ 1537  1479  ]
991 - [ 1479  1537  ]
992 - [ 1537  1479  ]
993 - [ 1479  1537  ]
994 - [ 1479  1537  ]
995 - [ 1537  1479  ]
996 - [ 1537  1479  ]
997 - [ 1537  1479  ]
998 - [ 1537  1479  ]
999 - [ 1537  1479  ]
