0 - [ 1  ]
1 - [ 1  ]
2 - [ 1  ]
3 - [ 1  ]
4 - [ 1  ]
5 - [ 1  ]
6 - [ 1  ]
7 - [ 1  ]
8 - [ 1  ]
9 - [ 1  ]
10 - [ 1  ]
11 - [ 1  ]
12 - [ 1  ]
13 - [ 1  ]
14 - [ 1  ]
15 - [ 1  ]
16 - [ 1425  ]
17 - [ 1425  ]
18 - [ 1425  ]
19 - [ 1425  ]
20 - [ 1425  ]
21 - [ 1425  ]
22 - [ 1425  ]
23 - [ 1425  ]
24 - [ 1425  ]
25 - [ 1425  ]
26 - [ 1425  ]
27 - [ 1425  ]
28 - [ 1425  ]
29 - [ 1425  ]
30 - [ 1425  ]
31 - [ 1425  ]
32 - [ 1425  ]
33 - [ 1425  ]
34 - [ 1425  ]
35 - [ 1425  ]
36 - [ 1425  ]
37 - [ 1425  ]
38 - [ 1425  ]
39 - [ 1425  ]
40 - [ 1425  ]
41 - [ 1425  ]
42 - [ 1425  ]
43 - [ 1425  ]
44 - [ 1425  ]
45 - [ 1425  ]
46 - [ 1425  ]
47 - [ 1425  ]
48 - [ 1425  ]
49 - [ 1425  ]
50 - [ 1425  ]
51 - [ 1425  ]
52 - [ 1425  ]
53 - [ 1425  ]
54 - [ 1425  ]
55 - [ 1425  ]
56 - [ 1425  ]
57 - [ 1425  ]
58 - [ 1425  ]
59 - [ 1425  ]
60 - [ 1425  ]
61 - [ 1425  ]
62 - [ 1425  ]
63 - [ 1425  ]
64 - [ 1425  ]
65 - [ 1425  ]
66 - [ 1425  ]
67 - [ 1425  ]
68 - [ 1425  ]
69 - [ 1425  ]
70 - [ 1425  ]
71 - [ 1425  ]
72 - [ 1425  ]
73 - [ 1425  ]
74 - [ 1425  ]
75 - [ 1425  ]
76 - [ 1425  ]
77 - [ 1425  ]
78 - [ 1425  ]
79 - [ 1425  ]
80 - [ 1425  ]
81 - [ 1425  ]
82 - [ 1425  ]
83 - [ 1492  1425  ]
84 - [ 1492  1425  ]
85 - [ 1425  1492  ]
86 - [ 1492  1425  ]
87 - [ 1425  1492  ]
88 - [ 1425  1492  ]
89 - [ 1492  1425  ]
90 - [ 1492  1425  ]
91 - [ 1492  1425  ]
92 - [ 1425  1492  ]
93 - [ 1492  1425  ]
94 - [ 1425  1492  ]
95 - [ 1492  1425  ]
96 - [ 1492  1425  ]
97 - [ 1492  1425  ]
98 - [ 1425  1492  ]
99 - [ 1425  1492  ]
100 - [ 1492  1425  ]
101 - [ 1425  1492  ]
102 - [ 1425  1492  ]
103 - [ 1425  1492  ]
104 - [ 1492  1425  ]
105 - [ 1492  1425  ]
106 - [ 1492  1425  ]
107 - [ 1425  1492  ]
108 - [ 1425  1492  ]
109 - [ 1492  1425  ]
110 - [ 1425  1492  ]
111 - [ 1425  1492  ]
112 - [ 1425  1492  ]
113 - [ 1425  1492  ]
114 - [ 1492  1425  ]
115 - [ 1492  1425  ]
116 - [ 1425  1492  ]
117 - [ 1425  1492  ]
118 - [ 1492  1425  ]
119 - [ 1425  1492  ]
120 - [ 1492  1425  ]
121 - [ 1492  1425  ]
122 - [ 1425  1492  ]
123 - [ 1425  1492  ]
124 - [ 1492  1425  ]
125 - [ 1425  1492  ]
126 - [ 1425  1492  ]
127 - [ 1425  1492  ]
128 - [ 1425  1492  ]
129 - [ 1492  1425  ]
130 - [ 1425  1492  ]
131 - [ 1492  1425  ]
132 - [ 1425  1492  ]
133 - [ 1492  1425  ]
134 - [ 1492  1425  ]
135 - [ 1492  1425  ]
136 - [ 1425  1492  ]
137 - [ 1492  1425  ]
138 - [ 1425  1492  ]
139 - [ 1425  1492  ]
140 - [ 1425  1492  ]
141 - [ 1425  1492  ]
142 - [ 1492  1425  ]
143 - [ 1425  1492  ]
144 - [ 1425  1492  ]
145 - [ 1425  1492  ]
146 - [ 1425  1492  ]
147 - [ 1492  1425  ]
148 - [ 1425  1492  ]
149 - [ 1492  1425  ]
150 - [ 1425  1492  ]
151 - [ 1425  1492  ]
152 - [ 1425  1492  ]
153 - [ 1425  1492  ]
154 - [ 1425  1492  ]
155 - [ 1425  1492  ]
156 - [ 1492  1425  ]
157 - [ 1492  1425  ]
158 - [ 1425  1492  ]
159 - [ 1425  1492  ]
160 - [ 1425  1492  ]
161 - [ 1492  1425  ]
162 - [ 1492  1425  ]
163 - [ 1492  1425  ]
164 - [ 1425  1492  ]
165 - [ 1492  1425  ]
166 - [ 1425  1492  ]
167 - [ 1492  1425  ]
168 - [ 1492  1425  ]
169 - [ 1492  1425  ]
170 - [ 1492  1425  ]
171 - [ 1425  1492  ]
172 - [ 1492  1425  ]
173 - [ 1492  1425  ]
174 - [ 1425  1492  ]
175 - [ 1425  1492  ]
176 - [ 1425  1492  ]
177 - [ 1492  1425  ]
178 - [ 1492  1425  ]
179 - [ 1425  1492  ]
180 - [ 1492  1425  ]
181 - [ 1425  1492  ]
182 - [ 1425  1492  ]
183 - [ 1492  1425  ]
184 - [ 1492  1425  ]
185 - [ 1425  1492  ]
186 - [ 1425  1492  ]
187 - [ 1492  1425  ]
188 - [ 1492  1425  ]
189 - [ 1492  1598  ]
190 - [ 1492  1598  ]
191 - [ 1598  1492  ]
192 - [ 1492  1598  ]
193 - [ 1598  1492  ]
194 - [ 1598  1492  ]
195 - [ 1598  1492  ]
196 - [ 1598  1492  ]
197 - [ 1598  1492  ]
198 - [ 1492  1598  ]
199 - [ 1598  1492  ]
200 - [ 1598  1492  ]
201 - [ 1598  1492  ]
202 - [ 1492  1598  ]
203 - [ 1598  1492  ]
204 - [ 1492  1598  ]
205 - [ 1598  1492  ]
206 - [ 1492  1598  ]
207 - [ 1598  1492  ]
208 - [ 1492  1598  ]
209 - [ 1492  1598  ]
210 - [ 1492  1598  ]
211 - [ 1598  1492  ]
212 - [ 1492  1598  ]
213 - [ 1598  1492  ]
214 - [ 1492  1598  ]
215 - [ 1598  1492  ]
216 - [ 1492  1598  ]
217 - [ 1492  1598  ]
218 - [ 1598  1492  ]
219 - [ 1598  1492  ]
220 - [ 1492  1598  ]
221 - [ 1492  1598  ]
222 - [ 1492  1598  ]
223 - [ 1598  1492  ]
224 - [ 1598  1492  ]
225 - [ 1598  1492  ]
226 - [ 1492  1598  ]
227 - [ 1598  1492  ]
228 - [ 1492  1598  ]
229 - [ 1598  1492  ]
230 - [ 1492  1598  ]
231 - [ 1492  1598  ]
232 - [ 1598  1492  ]
233 - [ 1598  1492  ]
234 - [ 1492  1598  ]
235 - [ 1492  1598  ]
236 - [ 1598  1492  ]
237 - [ 1598  1492  ]
238 - [ 1598  1492  ]
239 - [ 1598  1492  ]
240 - [ 1492  1598  ]
241 - [ 1598  1492  ]
242 - [ 1492  1598  ]
243 - [ 1492  1598  ]
244 - [ 1598  1492  ]
245 - [ 1492  1598  ]
246 - [ 1598  1492  ]
247 - [ 1598  1492  ]
248 - [ 1598  1492  ]
249 - [ 1598  1492  ]
250 - [ 1598  1492  ]
251 - [ 1598  1492  ]
252 - [ 1598  1492  ]
253 - [ 1598  1492  ]
254 - [ 1598  1492  ]
255 - [ 1598  1492  ]
256 - [ 1598  1492  ]
257 - [ 1598  1492  ]
258 - [ 1598  1492  ]
259 - [ 1598  1492  ]
260 - [ 1598  1492  ]
261 - [ 1598  1492  ]
262 - [ 1598  1492  ]
263 - [ 1598  1492  ]
264 - [ 1598  1492  ]
265 - [ 1492  1598  ]
266 - [ 1598  1492  ]
267 - [ 1598  1492  ]
268 - [ 1492  1598  ]
269 - [ 1598  1492  ]
270 - [ 1598  1492  ]
271 - [ 1492  1598  ]
272 - [ 1492  1598  ]
273 - [ 1492  1598  ]
274 - [ 1492  1598  ]
275 - [ 1492  1598  ]
276 - [ 1598  1492  ]
277 - [ 1598  1492  ]
278 - [ 1492  1598  ]
279 - [ 1492  1598  ]
280 - [ 1598  1492  ]
281 - [ 1492  1598  ]
282 - [ 1598  1492  ]
283 - [ 1598  1492  ]
284 - [ 1492  1598  ]
285 - [ 1492  1598  ]
286 - [ 1492  1598  ]
287 - [ 1492  1598  ]
288 - [ 1598  1492  ]
289 - [ 1598  1492  ]
290 - [ 1492  1598  ]
291 - [ 1598  1492  ]
292 - [ 1492  1598  ]
293 - [ 1598  1492  ]
294 - [ 1492  1598  ]
295 - [ 1598  1492  ]
296 - [ 1598  1492  ]
297 - [ 1598  1492  ]
298 - [ 1598  1492  ]
299 - [ 1598  1492  ]
300 - [ 1492  1598  ]
301 - [ 1492  1598  ]
302 - [ 1492  1598  ]
303 - [ 1598  1492  ]
304 - [ 1598  1492  ]
305 - [ 1492  1598  ]
306 - [ 1598  1492  ]
307 - [ 1598  1492  ]
308 - [ 1492  1598  ]
309 - [ 1598  1492  ]
310 - [ 1598  1492  ]
311 - [ 1492  1598  ]
312 - [ 1598  1492  ]
313 - [ 1492  1598  ]
314 - [ 1598  1492  ]
315 - [ 1492  1598  ]
316 - [ 1598  1492  ]
317 - [ 1492  1598  ]
318 - [ 1598  1492  ]
319 - [ 1598  1492  ]
320 - [ 1492  1598  ]
321 - [ 1492  1598  ]
322 - [ 1598  1492  ]
323 - [ 1492  1598  ]
324 - [ 1598  1492  ]
325 - [ 1492  1598  ]
326 - [ 1492  1598  ]
327 - [ 1492  1598  ]
328 - [ 1492  1598  ]
329 - [ 1492  1598  ]
330 - [ 1598  1492  ]
331 - [ 1492  1598  ]
332 - [ 1598  1492  ]
333 - [ 1492  1598  ]
334 - [ 1492  1598  ]
335 - [ 1492  1598  ]
336 - [ 1492  1598  ]
337 - [ 1598  1492  ]
338 - [ 1492  1598  ]
339 - [ 1492  1598  ]
340 - [ 1598  1492  ]
341 - [ 1598  1492  ]
342 - [ 1598  1492  ]
343 - [ 1492  1598  ]
344 - [ 1492  1598  ]
345 - [ 1598  1492  ]
346 - [ 1598  1492  ]
347 - [ 1598  1492  ]
348 - [ 1598  1492  ]
349 - [ 1492  1598  ]
350 - [ 1598  1492  ]
351 - [ 1598  1492  ]
352 - [ 1492  1598  ]
353 - [ 1598  1492  ]
354 - [ 1492  1598  ]
355 - [ 1492  1598  ]
356 - [ 1598  1492  ]
357 - [ 1492  1598  ]
358 - [ 1598  1492  ]
359 - [ 1492  1598  ]
360 - [ 1598  1492  ]
361 - [ 1492  1598  ]
362 - [ 1492  1598  ]
363 - [ 1492  1598  ]
364 - [ 1598  1492  ]
365 - [ 1492  1598  ]
366 - [ 1492  1598  ]
367 - [ 1598  1492  ]
368 - [ 1598  1492  ]
369 - [ 1492  1598  ]
370 - [ 1492  1598  ]
371 - [ 1598  1492  ]
372 - [ 1598  1492  ]
373 - [ 1598  1492  ]
374 - [ 1492  1598  ]
375 - [ 1598  1492  ]
376 - [ 1492  1598  ]
377 - [ 1492  1598  ]
378 - [ 1598  1492  ]
379 - [ 1598  1492  ]
380 - [ 1598  1492  ]
381 - [ 1598  1492  ]
382 - [ 1492  1598  ]
383 - [ 1598  1492  ]
384 - [ 1598  1492  ]
385 - [ 1598  1492  ]
386 - [ 1598  1492  ]
387 - [ 1598  1492  ]
388 - [ 1598  1492  ]
389 - [ 1492  1598  ]
390 - [ 1598  1492  ]
391 - [ 1598  1492  ]
392 - [ 1492  1598  ]
393 - [ 1492  1598  ]
394 - [ 1598  1492  ]
395 - [ 1598  1492  ]
396 - [ 1598  1492  ]
397 - [ 1492  1598  ]
398 - [ 1492  1598  ]
399 - [ 1492  1598  ]
400 - [ 1492  1598  ]
401 - [ 1598  1492  ]
402 - [ 1492  1598  ]
403 - [ 1598  1492  ]
404 - [ 1492  1598  ]
405 - [ 1598  1492  ]
406 - [ 1492  1598  ]
407 - [ 1598  1492  ]
408 - [ 1598  1492  ]
409 - [ 1598  1492  ]
410 - [ 1598  1492  ]
411 - [ 1492  1598  ]
412 - [ 1598  1492  ]
413 - [ 1598  1492  ]
414 - [ 1598  1492  ]
415 - [ 1598  1492  ]
416 - [ 1598  1492  ]
417 - [ 1598  1492  ]
418 - [ 1598  1492  ]
419 - [ 1598  1492  ]
420 - [ 1492  1598  ]
421 - [ 1598  1492  ]
422 - [ 1598  1492  ]
423 - [ 1598  1492  ]
424 - [ 1492  1598  ]
425 - [ 1598  1492  ]
426 - [ 1598  1492  ]
427 - [ 1492  1598  ]
428 - [ 1492  1598  ]
429 - [ 1492  1598  ]
430 - [ 1598  1492  ]
431 - [ 1492  1598  ]
432 - [ 1598  1492  ]
433 - [ 1492  1598  ]
434 - [ 1598  1492  ]
435 - [ 1492  1598  ]
436 - [ 1598  1492  ]
437 - [ 1598  1492  ]
438 - [ 1492  1598  ]
439 - [ 1598  1492  ]
440 - [ 1598  1492  ]
441 - [ 1492  1598  ]
442 - [ 1492  1598  ]
443 - [ 1492  1598  ]
444 - [ 1598  1492  ]
445 - [ 1598  1492  ]
446 - [ 1492  1598  ]
447 - [ 1492  1598  ]
448 - [ 1492  1598  ]
449 - [ 1492  1598  ]
450 - [ 1492  1598  ]
451 - [ 1492  1598  ]
452 - [ 1492  1598  ]
453 - [ 1598  1492  ]
454 - [ 1598  1492  ]
455 - [ 1598  1492  ]
456 - [ 1492  1598  ]
457 - [ 1866  ]
458 - [ 458  1866  ]
459 - [ 458  1866  ]
460 - [ 458  1866  ]
461 - [ 1866  458  ]
462 - [ 458  1866  ]
463 - [ 458  1866  ]
464 - [ 458  1866  ]
465 - [ 458  1866  ]
466 - [ 458  1866  ]
467 - [ 1866  458  ]
468 - [ 458  1866  ]
469 - [ 458  1866  ]
470 - [ 458  1866  ]
471 - [ 1866  458  ]
472 - [ 458  1866  ]
473 - [ 458  1866  ]
474 - [ 1866  458  ]
475 - [ 1866  458  ]
476 - [ 1866  458  ]
477 - [ 1866  458  ]
478 - [ 1866  458  ]
479 - [ 458  1866  ]
480 - [ 458  1866  ]
481 - [ 1866  458  ]
482 - [ 1866  458  ]
483 - [ 458  1866  ]
484 - [ 1866  458  ]
485 - [ 458  1866  ]
486 - [ 458  1866  ]
487 - [ 1866  458  ]
488 - [ 458  1866  ]
489 - [ 1866  458  ]
490 - [ 1866  458  ]
491 - [ 458  1866  ]
492 - [ 458  1866  ]
493 - [ 1866  458  ]
494 - [ 458  1866  ]
495 - [ 1866  458  ]
496 - [ 1866  458  ]
497 - [ 1866  458  ]
498 - [ 1866  458  ]
499 - [ 458  1866  ]
500 - [ 458  1866  ]
501 - [ 458  1866  ]
502 - [ 1866  458  ]
503 - [ 458  1866  ]
504 - [ 458  1866  ]
505 - [ 458  1866  ]
506 - [ 1915  1866  ]
507 - [ 1915  1866  ]
508 - [ 1915  1866  ]
509 - [ 1915  1866  ]
510 - [ 1915  1866  ]
511 - [ 1915  1866  ]
512 - [ 1915  1866  ]
513 - [ 1915  1866  ]
514 - [ 1866  1915  ]
515 - [ 1915  1866  ]
516 - [ 1866  1915  ]
517 - [ 1915  1866  ]
518 - [ 1915  1866  ]
519 - [ 1915  1866  ]
520 - [ 1866  1915  ]
521 - [ 1866  1915  ]
522 - [ 1866  1915  ]
523 - [ 1915  1866  ]
524 - [ 1915  1866  ]
525 - [ 1866  1915  ]
526 - [ 1915  1866  ]
527 - [ 1915  1866  ]
528 - [ 1915  1866  ]
529 - [ 1866  1915  ]
530 - [ 1866  1915  ]
531 - [ 1915  1866  ]
532 - [ 1866  1915  ]
533 - [ 1866  1915  ]
534 - [ 1915  1866  ]
535 - [ 1915  1866  ]
536 - [ 1866  1915  ]
537 - [ 1915  1866  ]
538 - [ 1915  1866  ]
539 - [ 1866  1915  ]
540 - [ 1866  1915  ]
541 - [ 1915  1866  ]
542 - [ 1915  1866  ]
543 - [ 1915  1866  ]
544 - [ 1915  1866  ]
545 - [ 1866  1915  ]
546 - [ 1915  1866  ]
547 - [ 1866  1915  ]
548 - [ 1915  1866  ]
549 - [ 1915  1866  ]
550 - [ 1915  1866  ]
551 - [ 1915  1866  ]
552 - [ 1866  1915  ]
553 - [ 1915  1866  ]
554 - [ 1915  1866  ]
555 - [ 1866  1915  ]
556 - [ 1915  1866  ]
557 - [ 1915  1866  ]
558 - [ 1866  1915  ]
559 - [ 1915  1866  ]
560 - [ 1866  1915  ]
561 - [ 1866  1915  ]
562 - [ 1915  1866  ]
563 - [ 1866  1915  ]
564 - [ 1866  1915  ]
565 - [ 1915  1866  ]
566 - [ 1866  1915  ]
567 - [ 1866  1915  ]
568 - [ 1915  1866  ]
569 - [ 1866  1915  ]
570 - [ 1915  1866  ]
571 - [ 1866  1915  ]
572 - [ 1915  1866  ]
573 - [ 1866  1915  ]
574 - [ 1866  1915  ]
575 - [ 1866  1915  ]
576 - [ 1866  1915  ]
577 - [ 1866  1915  ]
578 - [ 1866  1915  ]
579 - [ 1915  1866  ]
580 - [ 1866  1915  ]
581 - [ 1915  1866  ]
582 - [ 1866  1915  ]
583 - [ 1866  1915  ]
584 - [ 1915  1866  ]
585 - [ 1866  1915  ]
586 - [ 1866  1915  ]
587 - [ 1866  1915  ]
588 - [ 1866  1915  ]
589 - [ 1915  1866  ]
590 - [ 1866  1915  ]
591 - [ 1866  1915  ]
592 - [ 1915  1866  ]
593 - [ 1866  1915  ]
594 - [ 1915  1866  ]
595 - [ 1915  1866  ]
596 - [ 1915  1866  ]
597 - [ 1866  1915  ]
598 - [ 1866  1915  ]
599 - [ 1866  1915  ]
600 - [ 1866  1915  ]
601 - [ 1866  1915  ]
602 - [ 1915  1866  ]
603 - [ 1915  1866  ]
604 - [ 1866  1915  ]
605 - [ 1915  1866  ]
606 - [ 1915  1866  ]
607 - [ 1866  1915  ]
608 - [ 1915  1866  ]
609 - [ 1915  1866  ]
610 - [ 1915  1866  ]
611 - [ 1915  1866  ]
612 - [ 1915  1866  ]
613 - [ 1915  1866  ]
614 - [ 1915  1866  ]
615 - [ 1915  1866  ]
616 - [ 1866  1915  ]
617 - [ 1866  1915  ]
618 - [ 1866  1915  ]
619 - [ 1866  1915  ]
620 - [ 1866  1915  ]
621 - [ 1915  1866  ]
622 - [ 1866  1915  ]
623 - [ 1866  1915  ]
624 - [ 1866  1915  ]
625 - [ 1915  1866  ]
626 - [ 1866  1915  ]
627 - [ 1915  1866  ]
628 - [ 1866  1915  ]
629 - [ 1866  1915  ]
630 - [ 1866  1915  ]
631 - [ 1866  1915  ]
632 - [ 1866  1915  ]
633 - [ 1915  1866  ]
634 - [ 1866  1915  ]
635 - [ 1915  1866  ]
636 - [ 1915  1866  ]
637 - [ 1866  1915  ]
638 - [ 1866  1915  ]
639 - [ 1866  1915  ]
640 - [ 1866  1915  ]
641 - [ 1866  1915  ]
642 - [ 1866  1915  ]
643 - [ 1866  1915  ]
644 - [ 1866  1915  ]
645 - [ 1915  1866  ]
646 - [ 1915  1866  ]
647 - [ 1866  1915  ]
648 - [ 1866  1915  ]
649 - [ 1866  1915  ]
650 - [ 1915  1866  ]
651 - [ 1915  1866  ]
652 - [ 1915  1866  ]
653 - [ 1866  1915  ]
654 - [ 1866  1915  ]
655 - [ 1866  1915  ]
656 - [ 1866  1915  ]
657 - [ 1866  1915  ]
658 - [ 1866  1915  ]
659 - [ 1866  1915  ]
660 - [ 1866  1915  ]
661 - [ 1866  1915  ]
662 - [ 1866  1915  ]
663 - [ 1915  1866  ]
664 - [ 1866  1915  ]
665 - [ 1866  1915  ]
666 - [ 1915  1866  ]
667 - [ 1915  1866  ]
668 - [ 1866  1915  ]
669 - [ 1866  1915  ]
670 - [ 1866  1915  ]
671 - [ 1915  1866  ]
672 - [ 1866  1915  ]
673 - [ 1915  1866  ]
674 - [ 1915  1866  ]
675 - [ 1866  1915  ]
676 - [ 1866  1915  ]
677 - [ 1915  1866  ]
678 - [ 1915  1866  ]
679 - [ 1915  1866  ]
680 - [ 1866  1915  ]
681 - [ 1915  1866  ]
682 - [ 1866  1915  ]
683 - [ 1866  1915  ]
684 - [ 1866  1915  ]
685 - [ 1915  1866  ]
686 - [ 1915  1866  ]
687 - [ 1866  1915  ]
688 - [ 1866  1915  ]
689 - [ 1915  1866  ]
690 - [ 1866  1915  ]
691 - [ 1915  1866  ]
692 - [ 1866  1915  ]
693 - [ 1915  1866  ]
694 - [ 1866  1915  ]
695 - [ 1915  1866  ]
696 - [ 1866  1915  ]
697 - [ 1866  1915  ]
698 - [ 1915  1866  ]
699 - [ 1915  1866  ]
700 - [ 1915  1866  ]
701 - [ 1866  1915  ]
702 - [ 1915  1866  ]
703 - [ 1915  1866  ]
704 - [ 1915  1866  ]
705 - [ 1866  1915  ]
706 - [ 1866  1915  ]
707 - [ 1915  1866  ]
708 - [ 1866  1915  ]
709 - [ 1866  1915  ]
710 - [ 1866  1915  ]
711 - [ 1915  1866  ]
712 - [ 1866  1915  ]
713 - [ 1915  1866  ]
714 - [ 1915  1866  ]
715 - [ 1915  1866  ]
716 - [ 1915  1866  ]
717 - [ 1866  1915  ]
718 - [ 1866  1915  ]
719 - [ 1915  1866  ]
720 - [ 1866  1915  ]
721 - [ 1866  1915  ]
722 - [ 1866  1915  ]
723 - [ 1866  1915  ]
724 - [ 1866  1915  ]
725 - [ 1915  1866  ]
726 - [ 1866  1915  ]
727 - [ 1915  1866  ]
728 - [ 1915  1866  ]
729 - [ 1915  1866  ]
730 - [ 1915  1866  ]
731 - [ 1866  1915  ]
732 - [ 1915  1866  ]
733 - [ 1915  1866  ]
734 - [ 2143  ]
735 - [ 2143  ]
736 - [ 2143  ]
737 - [ 2143  ]
738 - [ 2143  ]
739 - [ 2143  ]
740 - [ 2143  ]
741 - [ 2143  ]
742 - [ 2143  ]
743 - [ 2143  ]
744 - [ 2143  ]
745 - [ 2143  ]
746 - [ 2143  ]
747 - [ 2143  ]
748 - [ 2143  ]
749 - [ 2143  ]
750 - [ 2143  ]
751 - [ 2143  ]
752 - [ 2143  ]
753 - [ 2143  ]
754 - [ 2143  ]
755 - [ 2143  ]
756 - [ 2143  ]
757 - [ 2143  ]
758 - [ 2143  ]
759 - [ 2143  ]
760 - [ 2143  ]
761 - [ 2143  ]
762 - [ 2143  ]
763 - [ 2143  ]
764 - [ 2143  ]
765 - [ 2143  ]
766 - [ 2143  ]
767 - [ 2143  ]
768 - [ 2143  ]
769 - [ 2143  ]
770 - [ 2143  ]
771 - [ 2143  ]
772 - [ 2143  ]
773 - [ 2143  ]
774 - [ 2143  ]
775 - [ 2143  ]
776 - [ 2143  ]
777 - [ 2143  ]
778 - [ 2143  ]
779 - [ 2143  ]
780 - [ 2143  ]
781 - [ 2143  ]
782 - [ 2143  ]
783 - [ 2143  ]
784 - [ 2143  ]
785 - [ 2143  ]
786 - [ 2143  ]
787 - [ 2143  ]
788 - [ 2143  ]
789 - [ 2143  ]
790 - [ 2143  ]
791 - [ 2143  ]
792 - [ 2143  ]
793 - [ 2143  ]
794 - [ 2143  ]
795 - [ 2143  ]
796 - [ 2143  ]
797 - [ 2143  ]
798 - [ 2143  ]
799 - [ 2143  ]
800 - [ 2143  ]
801 - [ 2143  ]
802 - [ 2143  ]
803 - [ 2143  ]
804 - [ 2143  ]
805 - [ 2143  ]
806 - [ 2143  ]
807 - [ 2143  ]
808 - [ 2143  ]
809 - [ 2143  ]
810 - [ 2143  ]
811 - [ 2143  ]
812 - [ 2143  ]
813 - [ 2143  ]
814 - [ 2143  ]
815 - [ 2143  ]
816 - [ 2143  ]
817 - [ 2143  ]
818 - [ 2143  ]
819 - [ 2143  ]
820 - [ 2143  ]
821 - [ 2143  ]
822 - [ 2143  ]
823 - [ 2143  ]
824 - [ 2143  ]
825 - [ 2143  ]
826 - [ 2143  ]
827 - [ 2143  ]
828 - [ 2143  ]
829 - [ 2143  ]
830 - [ 2143  ]
831 - [ 2143  ]
832 - [ 2143  ]
833 - [ 2143  ]
834 - [ 2143  ]
835 - [ 2143  ]
836 - [ 2143  ]
837 - [ 2143  ]
838 - [ 2143  ]
839 - [ 2143  ]
840 - [ 2143  ]
841 - [ 2143  ]
842 - [ 2143  ]
843 - [ 2143  ]
844 - [ 2143  ]
845 - [ 2143  ]
846 - [ 2143  ]
847 - [ 2143  ]
848 - [ 2143  ]
849 - [ 2143  ]
850 - [ 2143  ]
851 - [ 2143  ]
852 - [ 2143  ]
853 - [ 2143  ]
854 - [ 2143  ]
855 - [ 2143  ]
856 - [ 2143  ]
857 - [ 2143  ]
858 - [ 2143  ]
859 - [ 2143  ]
860 - [ 2143  ]
861 - [ 2143  ]
862 - [ 2143  ]
863 - [ 2143  ]
864 - [ 2143  ]
865 - [ 2143  ]
866 - [ 2143  ]
867 - [ 2143  ]
868 - [ 2143  ]
869 - [ 2143  ]
870 - [ 2143  ]
871 - [ 2143  ]
872 - [ 2143  ]
873 - [ 2143  ]
874 - [ 2143  ]
875 - [ 2143  ]
876 - [ 2143  ]
877 - [ 2143  ]
878 - [ 2143  ]
879 - [ 2143  ]
880 - [ 2143  ]
881 - [ 2143  ]
882 - [ 2143  ]
883 - [ 2143  ]
884 - [ 2143  ]
885 - [ 2143  ]
886 - [ 2143  ]
887 - [ 2143  ]
888 - [ 2143  ]
889 - [ 2143  ]
890 - [ 2143  ]
891 - [ 2143  ]
892 - [ 2143  ]
893 - [ 2143  ]
894 - [ 2143  ]
895 - [ 2143  ]
896 - [ 2143  ]
897 - [ 2143  ]
898 - [ 2143  ]
899 - [ 2143  ]
900 - [ 2143  ]
901 - [ 2143  ]
902 - [ 2143  ]
903 - [ 2143  ]
904 - [ 2143  ]
905 - [ 2143  ]
906 - [ 2143  ]
907 - [ 2143  ]
908 - [ 2143  ]
909 - [ 2143  ]
910 - [ 2143  ]
911 - [ 2143  ]
912 - [ 2143  ]
913 - [ 2143  ]
914 - [ 2143  ]
915 - [ 2143  ]
916 - [ 2143  ]
917 - [ 2143  ]
918 - [ 2143  ]
919 - [ 2143  ]
920 - [ 2143  ]
921 - [ 2143  ]
922 - [ 2143  ]
923 - [ 2143  ]
924 - [ 2143  ]
925 - [ 2143  ]
926 - [ 2143  ]
927 - [ 2143  ]
928 - [ 2143  ]
929 - [ 2143  ]
930 - [ 2143  ]
931 - [ 2143  ]
932 - [ 2143  ]
933 - [ 2143  ]
934 - [ 2143  ]
935 - [ 2143  ]
936 - [ 2143  ]
937 - [ 2143  ]
938 - [ 2143  ]
939 - [ 2143  ]
940 - [ 2143  ]
941 - [ 2143  ]
942 - [ 2143  ]
943 - [ 2143  ]
944 - [ 2143  ]
945 - [ 2143  ]
946 - [ 2143  ]
947 - [ 2143  ]
948 - [ 2143  ]
949 - [ 2143  ]
950 - [ 2143  ]
951 - [ 2143  ]
952 - [ 2143  ]
953 - [ 2143  ]
954 - [ 2143  ]
955 - [ 2143  ]
956 - [ 2143  ]
957 - [ 2143  ]
958 - [ 2143  ]
959 - [ 2143  ]
960 - [ 2143  ]
961 - [ 2143  ]
962 - [ 2143  ]
963 - [ 2143  ]
964 - [ 2143  ]
965 - [ 2143  ]
966 - [ 2143  ]
967 - [ 2143  ]
968 - [ 2143  ]
969 - [ 2143  ]
970 - [ 2143  ]
971 - [ 2143  ]
972 - [ 2143  ]
973 - [ 2143  ]
974 - [ 2143  ]
975 - [ 2143  ]
976 - [ 2143  ]
977 - [ 2143  ]
978 - [ 2143  ]
979 - [ 2143  ]
980 - [ 2143  ]
981 - [ 2143  ]
982 - [ 2143  ]
983 - [ 2143  ]
984 - [ 2143  ]
985 - [ 2143  ]
986 - [ 2143  ]
987 - [ 2143  ]
988 - [ 2143  ]
989 - [ 2143  ]
990 - [ 2143  ]
991 - [ 2143  ]
992 - [ 2143  ]
993 - [ 2143  ]
994 - [ 2143  ]
995 - [ 2143  ]
996 - [ 2143  ]
997 - [ 2143  ]
998 - [ 2143  ]
999 - [ 2143  ]
