0 - [ 200  228  70  141  246  189  197  86  225  235  47  165  247  173  153  ]
1 - [ 378  351  323  282  299  317  316  266  312  369  347  291  344  352  361  ]
2 - [ 445  437  494  479  428  472  420  471  456  390  424  382  486  393  421  ]
3 - [ 517  565  575  524  606  571  564  607  554  498  499  591  506  535  541  ]
4 - [ 706  682  707  617  678  718  624  620  635  627  659  698  613  654  691  ]
5 - [ 828  833  765  794  729  808  778  825  769  821  746  747  824  760  ]
6 - [ 916  874  906  933  899  941  942  898  841  879  864  915  895  878  886  ]
7 - [ 1027  980  1026  1050  1023  1043  1046  996  972  991  1054  1058  992  948  960  ]
8 - [ 1087  1082  1138  1137  1094  1095  1134  1110  1146  1168  1154  1172  1169  1086  1106  ]
9 - [ 1252  1209  1240  1212  1281  1277  1248  1288  1260  1249  1265  1225  1200  1228  1280  ]
10 - [ 1334  1365  1317  1362  1415  1302  1342  1390  1401  1381  1389  1338  1299  1333  1391  ]
11 - [ 1463  1505  1508  1417  1458  1521  1467  1419  1466  1513  1516  1509  1526  ]
12 - [ 1599  1611  1623  1598  1596  1607  1630  1606  1615  1567  1560  1588  1532  1627  1548  ]
13 - [ 1734  1643  1645  1661  1665  1714  1738  1697  1736  1634  1681  ]
14 - [ 1777  1816  1792  1753  1832  1775  ]
15 - [ 1858  1874  1855  1866  1851  1836  1862  1873  1870  ]
16 - [ 1947  1929  1885  1889  1935  1938  1909  ]
17 - [ 1987  1991  1976  1952  1968  1983  1972  1964  1979  1960  1999  2001  1956  ]
18 - [ 2019  2066  2011  2031  2030  ]
19 - [ 2140  2124  2131  2110  2128  2112  2120  2108  2132  2136  ]
20 - [ 2201  2216  2171  2168  2205  2193  2208  2189  2160  2164  2209  2212  2185  2191  2148  ]
21 - [ 2324  2316  2279  2267  2335  2305  2247  2298  2294  2271  2259  2275  2328  2235  2255  ]
22 - [ 2377  2445  2392  2413  2358  2437  2449  2338  2373  2416  2385  2354  2389  2417  2362  ]
23 - [ 2512  2486  2468  2520  2494  2524  2548  2540  2536  2475  2556  2564  2489  2560  2516  ]
24 - [ 2658  2642  2682  2572  2579  2607  2623  2583  2662  2599  2674  2678  2634  2603  2595  ]
25 - [ 2690  2714  2762  2730  2734  2801  2758  2710  2746  2766  2754  2698  2738  2750  2694  ]
26 - [ 2832  2821  2836  2858  2917  2865  2913  2850  2885  2889  2901  2905  2817  2873  2809  ]
27 - [ 3009  2949  2945  2980  3001  2953  3021  3028  2986  2968  3035  3013  2983  2957  3025  ]
28 - [ 3042  3045  3129  3113  3093  3081  3046  3125  3137  3141  3077  3061  3057  3050  3149  ]
29 - [ 3179  3175  3174  3187  3161  3226  3202  3249  3252  3183  3214  3218  3190  3194  3242  ]
30 - [ 3272  3276  3283  3316  3370  3287  3323  3279  3303  3366  3305  3374  3378  3338  3350  ]
31 - [ 3390  3398  3481  3430  3496  3470  3462  3386  3438  3422  3394  3500  3406  3466  3402  ]
32 - [ 3540  3557  3563  3555  3599  3548  3520  3619  3595  3551  3512  3567  3504  3562  3544  ]
33 - [ 3681  3697  3705  3717  3667  3678  3651  3623  3639  3647  3731  3671  3728  3655  3701  ]
34 - [ 3834  3783  3751  3747  3814  3739  3806  3810  3795  3850  3759  3775  3838  3830  3822  ]
35 - [ 3922  3890  3874  3878  3953  3967  3906  3937  3866  3894  3945  3971  3964  3870  3970  ]
36 - [ 4024  4070  3974  4082  4036  3997  4028  4066  3989  4074  4040  4086  4051  4001  4008  ]
37 - [ 4167  4143  4102  4098  4110  4094  4175  4201  4171  4147  4197  4155  4090  4151  4184  ]
38 - [ 4231  4272  4251  4247  4239  4284  4227  4258  4299  4208  4205  4235  4292  4212  4265  ]
39 - [ 4347  4336  4338  4401  4334  4405  4409  4326  4424  4378  4359  4412  4387  4322  4344  ]
40 - [ 4456  4508  4452  4523  4504  4436  4440  4480  4543  4535  4444  4478  4512  4531  4432  ]
41 - [ 4598  4653  4622  4606  4567  4649  4556  4614  4546  4645  4626  4656  4560  4575  4564  ]
42 - [ 4764  4752  4664  4711  4675  4683  4729  4721  4768  4733  4699  4660  4714  4771  4707  ]
43 - [ 4807  4777  4779  4791  4857  4829  4799  4795  4825  4872  4783  4868  4879  4803  4775  ]
44 - [ 4938  4942  4934  4958  4954  4974  4891  5001  4895  4919  4903  4997  4966  4977  4962  ]
45 - [ 5034  5087  5117  5016  5074  5078  5042  5120  5012  5050  5097  5058  5070  5093  5109  ]
46 - [ 5136  5187  5231  5132  5140  5160  5175  5235  5219  5211  5179  5223  5183  5215  5207  ]
47 - [ 5303  5317  5310  5283  5333  5329  5349  5295  5271  5287  5306  5339  5321  5251  5357  ]
48 - [ 5425  5433  5413  5405  5448  5452  5444  5373  5381  5397  5364  5360  5429  5370  5440  ]
49 - [ 5544  5508  5536  5546  5520  5587  5499  5564  5524  5516  5556  5560  5497  5482  5512  ]
50 - [ 5676  5684  5627  5668  5704  5634  5595  5613  5660  5643  5599  5631  5696  5603  5700  ]
51 - [ 5766  5782  5809  5786  5816  5813  5770  5712  5740  5755  5762  5724  5774  5748  5720  ]
52 - [ 5931  5896  5908  5935  5911  5844  5876  5880  5856  5938  5842  5904  5868  5915  5864  ]
53 - [ 6045  5944  5949  5960  6033  6037  5980  5976  5984  6049  5979  5953  5945  5964  5972  ]
54 - [ 6056  6100  6158  6119  6143  6165  6092  6154  6135  6147  6151  6072  6084  6068  6076  ]
55 - [ 6241  6184  6248  6252  6237  6214  6222  6254  6203  6210  6256  6180  6187  6191  6199  ]
56 - [ 6304  6296  6374  6358  6370  6400  6328  6362  6366  6382  6385  6312  6292  6332  6388  ]
57 - [ 6438  6407  6493  6505  6457  6445  6497  6485  6469  6509  6427  6461  6431  6514  6481  ]
58 - [ 6552  6521  6596  6584  6560  6608  6525  6536  6620  6528  6588  6556  6548  6628  6592  ]
59 - [ 6636  6672  6728  6652  6740  6712  6708  6680  6696  6684  6638  6724  6748  6752  6644  ]
60 - [ 6810  6772  6818  6834  6849  6776  6838  6787  6764  6869  6760  6802  6861  6780  6795  ]
61 - [ 6908  6932  6983  6936  6943  6963  6918  6955  6924  6928  6889  6967  6881  6916  6951  ]
62 - [ 6997  7041  6991  7005  7076  7100  7013  7064  7021  7080  7017  7072  7045  7052  7060  ]
63 - [ 7180  7191  7135  7187  7186  7199  7111  7166  7125  7107  7151  7115  7143  7173  7217  ]
64 - [ 7226  7273  7296  7265  7281  7249  7318  7321  7234  7288  7245  7277  7300  7310  7303  ]
65 - [ 7362  7401  7425  7421  7345  7440  7341  7447  7436  7393  7381  7366  7413  7409  7385  ]
66 - [ 7519  7545  7499  7467  7487  7510  7521  7529  7463  7533  7483  7475  7563  7471  7495  ]
67 - [ 7629  7676  7579  7649  7626  7633  7606  7672  7644  7631  7602  7657  7566  7660  7610  ]
68 - [ 7786  7794  7730  7763  7760  7778  7723  7745  7770  7756  7715  7749  7765  7704  7726  ]
69 - [ 7906  7860  7872  7818  7806  7836  7887  7824  7814  7910  7802  7876  7883  7890  7879  ]
70 - [ 7934  8008  7922  7958  7966  7918  7946  7973  7969  7926  7992  7938  8000  8012  7962  ]
71 - [ 8117  8083  8143  8051  8087  8140  8039  8132  8059  8113  8063  8035  8091  8121  8102  ]
72 - [ 8186  8147  8193  8200  8256  8170  8151  8174  8240  8228  8163  8212  8224  8236  8244  ]
73 - [ 8313  8355  8302  8276  8288  8306  8337  8284  8291  8333  8371  8325  8367  8329  8280  ]
74 - [ 8437  8418  8457  8387  8402  8375  8485  8406  8383  8414  8477  8473  8426  8433  8461  ]
75 - [ 8572  8564  8501  8592  8516  8576  8556  8524  8548  8497  8512  8568  8493  8528  8505  ]
76 - [ 8711  8708  8619  8673  8626  8645  8634  8665  8653  8685  8696  8638  8681  8642  8630  ]
77 - [ 8799  8827  8734  8823  8739  8763  8747  8743  8815  8806  8759  8807  8819  8803  8795  ]
78 - [ 8889  8854  8846  8921  8937  8881  8860  8953  8945  8929  8961  8925  8933  8858  8885  ]
79 - [ 8983  8994  8976  9073  9009  9025  9053  9045  9041  9021  8989  9002  9017  9077  8969  ]
80 - [ 9117  9154  9089  9113  9103  9097  9101  9174  9131  9105  9193  9178  9162  9134  9081  ]
81 - [ 9244  9197  9299  9276  9205  9309  9217  9272  9213  9291  9264  9268  9260  9248  9209  ]
82 - [ 9386  9383  9394  9348  9352  9406  9325  9382  9418  9360  9333  9410  9376  9344  9337  ]
83 - [ 9466  9438  9458  9454  9517  9539  9529  9541  9533  9462  9482  9514  9510  9478  9508  ]
84 - [ 9559  9574  9612  9620  9597  9638  9654  9642  9570  9593  9619  9582  9628  9589  9552  ]
85 - [ 9740  9681  9700  9756  9693  9772  9716  9673  9768  9744  9732  9708  9677  9764  9720  ]
86 - [ 9811  9887  9863  9883  9815  9827  9806  9803  9795  9875  9859  9788  9833  9780  9890  ]
87 - [ 9963  9987  9975  9952  9999  9944  9926  9948  9983  9967  10011  9977  9918  9910  9995  ]
88 - [ 10039  10035  10105  10015  10081  10023  10093  10050  10089  10031  10101  10058  10085  10062  10121  ]
89 - [ 10224  10220  10165  10142  10184  10212  10216  10244  10180  10204  10200  10192  10130  10146  10134  ]
90 - [ 10278  10306  10345  10361  10333  10274  10256  10314  10282  10263  10270  10325  10310  10302  10349  ]
91 - [ 10450  10473  10412  10365  10469  10477  10384  10458  10380  10373  10435  10388  10416  10462  10466  ]
92 - [ 10488  10539  10579  10512  10516  10587  10567  10504  10571  10590  10508  10500  10555  10496  10563  ]
93 - [ 10641  10597  10613  10703  10661  10629  10609  10621  10665  10677  10700  10649  10673  10689  10601  ]
94 - [ 10786  10776  10754  10719  10816  10715  10779  10769  10738  10797  10721  10746  10784  10820  10734  ]
95 - [ 10864  10832  10911  10926  10828  10872  10870  10901  10868  10840  10836  10908  10919  10848  10904  ]
96 - [ 10976  11016  11033  11018  10988  11014  10958  11036  11010  10943  11026  11043  10972  10984  10965  ]
97 - [ 11119  11066  11082  11142  11110  11078  11116  11150  11165  11070  11094  11090  11157  11062  11102  ]
98 - [ 11242  11250  11274  11185  11227  11231  11258  11168  11246  11176  11189  11192  11224  11212  11278  ]
99 - [ 11356  11363  11344  11282  11290  11325  11394  11329  11371  11378  11348  11352  11386  11317  11367  ]
