15.4502
15.4568
15.4568
15.4568
15.4568
15.4568
15.4568
15.4568
15.4568
15.4581
15.2553
15.4502
15.4502
15.4502
15.4515
15.4568
15.4568
15.4568
15.4568
15.4568
15.0736
15.2501
15.2553
15.2553
15.2948
15.4468
15.4489
15.4502
15.4502
15.4502
15.0736
15.0736
15.0736
15.0749
15.1487
15.2487
15.2501
15.2501
15.2514
15.2553
14.9097
14.9110
15.0703
15.0717
15.0736
15.0736
15.0736
15.0736
15.0749
15.0749
14.9084
14.9097
14.9097
14.9097
14.9097
14.9110
14.9110
14.9123
14.9288
14.9466
14.7635
14.7635
14.7807
14.7965
14.9084
14.9097
14.9097
14.9097
14.9097
14.9097
14.7635
14.7635
14.7635
14.7635
14.7649
14.7767
14.7807
14.7925
14.7965
14.7965
14.6325
14.7629
14.7635
14.7635
14.7635
14.7635
14.7635
14.7649
14.7649
14.7649
14.5140
14.6312
14.6325
14.6325
14.6325
14.6602
14.7589
14.7629
14.7629
14.7635
14.5140
14.5654
14.6061
14.6266
14.6312
14.6312
14.6312
14.6325
14.6325
14.6325
14.5140
14.5140
14.5259
14.5654
14.5654
14.5728
14.5772
14.5859
14.6061
14.6088
14.4646
14.5140
14.5140
14.5140
14.5140
14.5153
14.5219
14.5259
14.5259
14.5417
14.4646
14.4646
14.4725
14.5035
14.5140
14.5140
14.5140
14.5140
14.5140
14.5140
13.7813
13.9339
13.9339
14.4627
14.4646
14.4646
14.4660
14.4725
14.4725
14.4739
12.6771
13.4466
13.4479
13.7813
13.9177
13.9339
13.9339
13.9339
13.9852
13.9865
12.2424
12.6771
12.6797
12.7284
12.9336
13.4466
13.4479
13.5505
13.5871
13.5913
11.5512
12.2424
12.3450
12.3816
12.3886
12.5396
12.6001
12.6152
12.6771
12.6784
11.2856
11.5512
11.8077
11.8100
12.2424
12.3030
12.3450
12.3529
12.3802
12.3816
10.3110
10.7817
11.2421
11.2786
11.2856
11.4824
11.5512
11.5512
11.5892
11.6461
10.1743
10.3110
10.4821
10.5508
10.5715
10.7817
10.7843
10.8936
10.9266
10.9494
9.3023
9.5844
9.6275
9.8610
10.1688
10.1743
10.2144
10.3053
10.3110
10.3124
8.7636
9.2967
9.3023
9.3423
9.4025
9.4749
9.5331
9.5844
9.6245
9.6275
8.5016
8.6867
8.7636
8.8037
8.9591
9.1811
9.2967
9.3023
9.3023
9.3023
8.0855
8.3235
8.4117
8.5016
8.5099
8.6867
8.6895
8.7636
8.7964
8.8037
7.9685
8.0855
8.1808
8.3235
8.3761
8.4117
8.4584
8.4659
8.5016
8.5030
7.9685
8.0855
8.0880
8.1296
8.1808
8.1808
8.1837
8.2275
8.2307
8.2680
7.9685
8.0353
8.0356
8.0855
8.0855
8.0880
8.1296
8.1413
8.1648
8.1779
7.9685
7.9685
7.9685
7.9812
8.0190
8.0235
8.0269
8.0353
8.0356
8.0402
7.9685
7.9685
7.9685
7.9685
7.9699
7.9741
7.9797
7.9812
7.9812
7.9883
7.9685
7.9685
7.9685
7.9685
7.9685
7.9685
7.9699
7.9699
7.9713
7.9727
7.9685
7.9685
7.9685
7.9685
7.9685
7.9685
7.9685
7.9685
7.9685
7.9685
7.9685
7.9685
7.9685
7.9685
7.9685
7.9685
7.9685
7.9685
7.9685
7.9685
7.9685
7.9685
7.9685
7.9685
7.9685
7.9685
7.9685
7.9685
7.9685
7.9685
7.9685
7.9685
7.9685
7.9685
7.9685
7.9685
7.9685
7.9685
7.9685
7.9685
7.9685
7.9685
7.9685
7.9685
7.9685
7.9685
7.9685
7.9685
7.9685
7.9685
7.9685
7.9685
7.9685
7.9685
7.9685
7.9685
7.9685
7.9685
7.9685
7.9685
7.9685
7.9685
7.9685
7.9685
7.9685
7.9685
7.9685
7.9685
7.9685
7.9685
7.9685
7.9685
7.9685
7.9685
7.9685
7.9685
7.9685
7.9685
7.9685
7.9685
7.9685
7.9685
7.9685
7.9685
7.9685
7.9685
7.9685
7.9685
7.9685
7.9685
7.9685
7.9685
7.9685
7.9685
7.9685
7.9685
7.9685
7.9685
7.9685
7.9685
7.9685
7.9685
7.9685
7.9685
7.9685
7.9685
7.9685
7.9685
7.9685
7.9685
7.9685
7.9685
7.9685
7.9685
7.9685
7.9685
7.9685
7.9685
7.9685
7.9685
7.9685
7.9685
7.9685
7.9685
7.9685
7.9685
7.9685
7.9685
7.9685
7.9685
7.9685
7.9685
7.9685
7.9685
7.9685
7.9685
7.9685
7.9685
7.9685
7.9685
7.9685
7.9685
7.9685
7.9685
7.9685
7.9685
7.9685
7.9685
7.9685
7.9685
7.9685
7.9685
7.9685
7.9685
7.9685
7.9685
7.9685
7.9685
7.9685
7.9685
7.9685
7.9685
7.9685
7.9685
7.9685
7.9685
7.9685
7.9685
7.9685
7.9685
7.9685
7.9685
7.9685
7.9685
7.9685
7.9685
7.9685
7.9685
7.9685
7.9685
7.9685
7.9685
7.9685
7.9685
7.9685
7.9685
7.9685
7.9685
7.9685
7.9685
7.9685
7.9685
7.9685
7.9685
7.9685
7.9685
7.9685
7.9685
7.9685
7.9685
7.9685
7.9685
7.9685
7.9685
7.9685
7.9685
7.9685
7.9685
7.9685
7.9685
7.9685
7.9685
7.9685
7.9685
7.9685
7.9685
7.9685
7.9685
7.9685
7.9685
7.9685
7.9685
7.9685
7.9685
7.9685
7.9685
7.9685
7.9685
7.9685
7.9685
7.9685
7.9685
7.9685
7.9685
7.9685
7.9685
7.9685
7.9685
7.9685
7.9685
7.9685
7.9685
7.9685
7.9685
7.9685
7.9685
7.9685
7.9685
7.9685
7.9685
7.9685
7.9685
7.9685
7.9685
7.9685
7.9685
7.9685
7.9685
7.9685
7.9685
7.9685
7.9685
7.9685
7.9685
7.9685
7.9685
7.9685
7.9685
7.9685
7.9685
7.9685
7.9685
7.9685
7.9685
7.9685
7.9685
7.9685
7.9685
7.9685
7.9685
7.9685
7.9685
7.9685
7.9685
7.9685
7.9685
7.9685
7.9685
7.9685
7.9685
7.9685
7.9685
7.9685
7.9685
7.9685
7.9685
7.9685
7.9685
7.9685
7.9685
7.9685
7.9685
7.9685
7.9685
7.9685
7.9685
7.9685
7.9685
7.9685
7.9685
7.9685
7.9685
7.9685
7.9685
7.9685
7.9685
7.9685
7.9685
7.9685
7.9685
7.9685
7.9685
7.9685
7.9685
7.9685
7.9685
7.9685
7.9685
7.9685
7.9685
7.9685
7.9685
7.9685
7.9685
7.9685
7.9685
7.9685
7.9685
7.9685
7.9685
7.9685
7.9685
7.9685
7.9685
7.9685
7.9685
7.9685
7.9685
7.9685
7.9685
7.9685
7.9685
7.9685
7.9685
7.9685
7.9685
7.9685
7.9685
7.9685
7.9685
7.9685
7.9685
7.9685
7.9685
7.9685
7.9685
7.9685
7.9685
7.9685
7.9685
7.9685
7.9685
7.9685
7.9685
7.9685
7.9685
7.9685
7.9685
7.9685
7.9685
7.9685
7.9685
7.9685
7.9685
7.9685
7.9685
7.9685
7.9685
7.9685
7.9685
7.9685
7.9685
7.9685
7.9685
7.9685
7.9685
7.9685
7.9685
7.9685
7.9685
7.9685
7.9685
7.9685
7.9685
7.9685
7.9685
7.9685
7.9685
7.9685
7.9685
7.9685
7.9685
7.9685
7.9685
7.9685
7.9685
7.9685
7.9685
7.9685
7.9685
7.9685
7.9685
7.9685
7.9685
7.9685
7.9685
7.9685
7.9685
7.9685
7.9685
7.9685
7.9685
7.9685
7.9685
7.9685
7.9685
7.9685
7.9685
7.9685
7.9685
7.9685
7.9685
7.9685
7.9685
7.9685
7.9685
7.9685
7.9685
7.9685
7.9685
7.9685
7.9685
7.9685
7.9685
7.9685
7.9685
7.9685
7.9685
7.9685
7.9685
7.9685
7.9685
7.9685
7.9685
7.9685
7.9685
7.9685
7.9685
7.9685
7.9685
7.9685
7.9685
7.9685
7.9685
7.9685
7.9685
7.9685
7.9685
7.9685
7.9685
7.9685
7.9685
7.9685
7.9685
7.9685
7.9685
7.9685
7.9685
7.9685
7.9685
7.9685
7.9685
7.9685
7.9685
7.9685
7.9685
7.9685
7.9685
7.9685
7.9685
7.9685
7.9685
7.9685
7.9685
7.9685
7.9685
7.9685
7.9685
7.9685
7.9685
7.9685
7.9685
7.9685
7.9685
7.9685
7.9685
7.9685
7.9685
7.9685
7.9685
7.9685
7.9685
7.9685
7.9685
7.9685
7.9685
7.9685
7.9685
7.9685
7.9685
7.9685
7.9685
7.9685
7.9685
7.9685
7.9685
7.9685
7.9685
7.9685
7.9685
7.9685
7.9685
7.9685
7.9685
7.9685
7.9685
7.9685
7.9685
7.9685
7.9685
7.9685
7.9685
7.9685
7.9685
7.9685
7.9685
7.9685
7.9685
7.9685
7.9685
7.9685
7.9685
7.9685
7.9685
7.9685
7.9685
7.9685
7.9685
7.9685
7.9685
7.9685
7.9685
7.9685
7.9685
7.9685
7.9685
7.9685
7.9685
7.9685
7.9685
7.9685
7.9685
7.9685
7.9685
7.9685
7.9685
7.9685
7.9685
7.9685
7.9685
7.9685
7.9685
7.9685
7.9685
7.9685
7.9685
7.9685
7.9685
7.9685
7.9685
7.9685
7.9685
7.9685
7.9685
7.9685
7.9685
7.9685
7.9685
7.9685
7.9685
7.9685
7.9685
7.9685
7.9685
7.9685
7.9685
7.9685
7.9685
7.9685
7.9685
7.9685
7.9685
7.9685
7.9685
7.9685
7.9685
7.9685
7.9685
7.9685
7.9685
7.9685
7.9685
7.9685
7.9685
7.9685
7.9685
7.9685
7.9685
7.9685
7.9685
7.9685
7.9685
7.9685
7.9685
7.9685
7.9685
7.9685
7.9685
7.9685
7.9685
7.9685
7.9685
7.9685
7.9685
7.9685
7.9685
7.9685
7.9685
7.9685
7.9685
7.9685
7.9685
7.9685
7.9685
7.9685
7.9685
7.9685
7.9685
7.9685
7.9685
7.9685
7.9685
7.9685
7.9685
7.9685
7.9685
7.9685
7.9685
7.9685
7.9685
7.9685
7.9685
7.9685
7.9685
7.9685
7.9685
7.9685
7.9685
7.9685
7.9685
