0 - [ 19  30  27  25  24  8  3  29  2  5  ]
1 - [ 47  33  48  19  32  30  29  51  25  41  ]
2 - [ 62  74  47  80  63  64  87  33  72  66  ]
3 - [ 62  101  98  92  93  116  74  96  95  47  ]
4 - [ 125  131  143  146  128  101  62  98  123  92  ]
5 - [ 158  125  173  170  167  152  131  155  153  156  ]
6 - [ 191  185  206  209  158  182  173  170  189  167  ]
7 - [ 233  191  185  238  215  219  206  213  209  222  ]
8 - [ 253  254  245  185  233  191  238  247  241  215  ]
9 - [ 270  285  294  253  291  271  289  254  274  238  ]
10 - [ 270  301  325  318  326  285  304  294  291  253  ]
11 - [ 350  270  330  301  332  346  333  331  325  345  ]
12 - [ 377  270  350  363  362  359  366  365  330  360  ]
13 - [ 389  377  390  392  362  363  270  350  401  398  ]
14 - [ 426  438  432  424  389  377  417  390  418  421  ]
15 - [ 451  466  471  426  450  448  432  438  449  446  ]
16 - [ 480  451  474  497  475  466  471  481  493  496  ]
17 - [ 507  480  502  524  523  529  510  503  451  505  ]
18 - [ 540  507  530  551  480  533  502  536  541  524  ]
19 - [ 558  564  576  585  540  559  562  507  563  569  ]
20 - [ 589  558  603  606  588  564  591  592  599  590  ]
21 - [ 617  623  626  634  618  589  630  636  558  620  ]
22 - [ 649  658  617  664  651  647  650  623  654  626  ]
23 - [ 679  677  649  699  687  686  658  682  683  617  ]
24 - [ 714  706  720  679  731  677  708  649  715  699  ]
25 - [ 749  714  735  706  738  720  745  741  679  743  ]
26 - [ 749  714  765  764  771  735  770  772  768  769  ]
27 - [ 749  792  800  794  714  765  764  803  798  802  ]
28 - [ 749  818  819  822  820  825  831  792  800  824  ]
29 - [ 819  852  818  749  854  851  858  822  849  869  ]
30 - [ 884  852  818  819  881  749  890  854  878  883  ]
31 - [ 819  922  914  911  749  908  852  884  881  818  ]
32 - [ 911  881  940  946  951  914  749  818  908  884  ]
33 - [ 968  818  946  982  971  991  976  911  985  884  ]
34 - [ 976  991  971  968  985  982  1010  1019  1013  994  ]
35 - [ 1024  1039  1022  985  1010  991  982  994  1019  1047  ]
36 - [ 1064  1052  1024  1039  982  1066  1069  991  1061  1022  ]
37 - [ 1099  1024  991  1052  1105  1064  1039  1093  982  1096  ]
38 - [ 982  1024  1127  1133  1123  991  1099  1129  1108  1096  ]
39 - [ 1099  1138  1159  1162  1123  1147  1135  1024  1096  1141  ]
40 - [ 1147  1135  1165  1177  1171  1123  1189  1192  1138  1099  ]
41 - [ 1192  1206  1209  1200  1220  1217  1171  1195  1099  1138  ]
42 - [ 1229  1246  1138  1223  1171  1243  1206  1099  1200  1195  ]
43 - [ 1171  1255  1099  1195  1138  1229  1267  1258  1264  1206  ]
44 - [ 1288  1229  1264  1206  1290  1282  1258  1099  1171  1285  ]
45 - [ 1171  1285  1229  1331  1334  1258  1206  1325  1316  1310  ]
46 - [ 1206  1367  1340  1331  1285  1310  1334  1316  1355  1343  ]
47 - [ 1343  1381  1369  1375  1378  1355  1285  1334  1316  1389  ]
48 - [ 1355  1421  1369  1316  1389  1415  1407  1381  1334  1404  ]
49 - [ 1389  1454  1334  1430  1451  1415  1448  1316  1404  1355  ]
50 - [ 1474  1468  1355  1404  1454  1389  1430  1334  1457  1477  ]
51 - [ 1477  1468  1454  1492  1404  1505  1495  1334  1509  1430  ]
52 - [ 1531  1525  1519  1540  1505  1334  1430  1492  1454  1522  ]
53 - [ 1543  1569  1522  1519  1454  1334  1531  1525  1540  1430  ]
54 - [ 1540  1598  1569  1519  1454  1430  1522  1583  1543  1595  ]
55 - [ 1522  1622  1454  1625  1543  1607  1619  1430  1628  1583  ]
56 - [ 1522  1454  1642  1645  1656  1543  1622  1628  1625  1633  ]
57 - [ 1625  1543  1645  1673  1642  1667  1670  1656  1678  1628  ]
58 - [ 1645  1625  1699  1714  1693  1642  1628  1705  1702  1673  ]
59 - [ 1673  1625  1730  1699  1739  1716  1742  1642  1727  1705  ]
60 - [ 1705  1757  1642  1739  1751  1727  1754  1748  1716  1730  ]
61 - [ 1705  1780  1794  1739  1730  1716  1783  1754  1797  1727  ]
62 - [ 1815  1812  1826  1797  1803  1806  1780  1821  1818  1739  ]
63 - [ 1852  1818  1815  1780  1803  1797  1840  1821  1739  1837  ]
64 - [ 1837  1852  1739  1879  1821  1873  1818  1882  1815  1888  ]
65 - [ 1882  1896  1914  1905  1908  1818  1899  1902  1821  1888  ]
66 - [ 1902  1818  1882  1938  1929  1935  1914  1932  1888  1920  ]
67 - [ 1953  1882  1929  1950  1968  1971  1938  1888  1959  1962  ]
68 - [ 1938  1882  1988  1962  1985  1953  1979  2002  1950  2000  ]
69 - [ 2033  1985  2013  1979  1938  1988  2000  2010  2002  1882  ]
70 - [ 2013  1882  2063  2045  2033  2060  1985  2010  1988  2054  ]
71 - [ 2033  2054  2013  2060  2077  2063  1985  2066  1882  2080  ]
72 - [ 2033  2066  2104  2106  1882  2094  2063  2096  2054  2060  ]
73 - [ 2127  2096  2106  2141  2135  2144  2138  2133  2066  2124  ]
74 - [ 2106  2124  2135  2175  2170  2127  2153  2133  2144  2161  ]
75 - [ 2153  2181  2127  2204  2124  2201  2161  2175  2135  2170  ]
76 - [ 2153  2207  2175  2170  2224  2212  2218  2201  2161  2233  ]
77 - [ 2236  2207  2224  2212  2233  2153  2251  2201  2242  2218  ]
78 - [ 2242  2268  2280  2292  2265  2233  2218  2212  2236  2207  ]
79 - [ 2218  2233  2265  2320  2207  2236  2317  2311  2314  2268  ]
80 - [ 2314  2344  2268  2350  2311  2335  2326  2347  2265  2320  ]
81 - [ 2344  2335  2326  2268  2311  2376  2350  2314  2356  2359  ]
82 - [ 2344  2402  2326  2268  2350  2356  2391  2405  2359  2314  ]
83 - [ 2391  2434  2423  2417  2411  2405  2402  2268  2432  2414  ]
84 - [ 2462  2456  2405  2402  2411  2414  2443  2423  2391  2417  ]
85 - [ 2423  2479  2414  2391  2405  2456  2481  2487  2411  2462  ]
86 - [ 2481  2496  2391  2414  2511  2411  2487  2479  2456  2521  ]
87 - [ 2542  2414  2511  2524  2391  2547  2550  2521  2479  2456  ]
88 - [ 2456  2580  2577  2511  2556  2547  2550  2414  2542  2574  ]
89 - [ 2547  2592  2580  2604  2414  2542  2574  2589  2550  2577  ]
90 - [ 2633  2610  2622  2613  2580  2542  2547  2589  2550  2414  ]
91 - [ 2547  2644  2610  2542  2550  2646  2660  2622  2649  2414  ]
92 - [ 2542  2610  2547  2669  2683  2550  2414  2685  2646  2622  ]
93 - [ 2709  2685  2718  2610  2669  2683  2702  2550  2697  2547  ]
94 - [ 2547  2697  2709  2742  2550  2669  2733  2683  2724  2718  ]
95 - [ 2753  2774  2777  2683  2750  2724  2733  2550  2762  2765  ]
96 - [ 2724  2794  2753  2774  2733  2788  2683  2803  2777  2797  ]
97 - [ 2753  2803  2824  2815  2683  2724  2821  2794  2830  2827  ]
98 - [ 2845  2827  2860  2724  2830  2753  2815  2794  2856  2683  ]
99 - [ 2890  2794  2683  2887  2869  2896  2827  2845  2856  2881  ]
