0 - [ 3  31  22  16  30  4  7  24  9  27  ]
1 - [ 38  42  31  3  36  33  34  39  50  22  ]
2 - [ 67  64  38  57  58  60  42  59  70  3  ]
3 - [ 67  79  64  83  38  57  84  81  86  88  ]
4 - [ 67  102  104  79  105  111  114  64  107  103  ]
5 - [ 126  67  102  128  129  79  104  131  134  136  ]
6 - [ 155  67  153  102  126  151  128  158  160  129  ]
7 - [ 155  173  174  192  191  175  153  176  180  102  ]
8 - [ 155  173  195  197  203  202  196  198  201  199  ]
9 - [ 155  173  220  218  221  219  195  224  197  234  ]
10 - [ 155  173  248  241  220  243  247  218  251  245  ]
11 - [ 264  279  272  155  173  266  268  267  248  241  ]
12 - [ 286  292  264  279  272  304  288  290  300  295  ]
13 - [ 286  292  311  310  308  264  279  306  318  304  ]
14 - [ 333  329  335  311  308  310  338  336  264  342  ]
15 - [ 358  356  360  362  311  336  342  329  374  333  ]
16 - [ 384  342  386  378  360  390  311  396  376  392  ]
17 - [ 392  412  342  311  403  405  416  396  419  410  ]
18 - [ 440  342  410  412  419  436  396  438  403  434  ]
19 - [ 449  440  447  457  455  456  454  448  410  412  ]
20 - [ 440  472  449  476  475  473  470  480  447  457  ]
21 - [ 508  449  472  440  496  503  497  498  476  500  ]
22 - [ 527  508  517  526  523  472  449  440  522  525  ]
23 - [ 546  541  527  540  556  542  545  544  508  517  ]
24 - [ 571  564  546  563  573  565  568  566  541  527  ]
25 - [ 571  590  587  593  546  589  564  563  592  595  ]
26 - [ 571  610  613  590  625  629  587  620  616  589  ]
27 - [ 571  610  633  635  613  590  640  638  637  625  ]
28 - [ 571  657  633  661  610  662  659  635  664  668  ]
29 - [ 571  657  678  680  689  661  610  687  662  633  ]
30 - [ 571  699  701  657  678  680  703  707  689  705  ]
31 - [ 721  571  699  736  728  723  733  678  731  657  ]
32 - [ 748  721  571  747  699  750  745  657  723  758  ]
33 - [ 571  721  748  770  745  775  747  774  772  750  ]
34 - [ 748  571  721  809  750  805  774  775  793  797  ]
35 - [ 748  571  721  774  813  828  811  825  805  831  ]
36 - [ 571  748  721  846  828  842  774  850  813  825  ]
37 - [ 875  858  860  748  862  721  571  828  870  876  ]
38 - [ 881  875  882  721  883  885  895  858  571  860  ]
39 - [ 875  881  882  905  903  907  904  908  906  858  ]
40 - [ 875  881  882  932  937  931  925  936  905  934  ]
41 - [ 881  875  882  962  948  952  954  932  955  950  ]
42 - [ 881  875  974  975  882  962  978  972  986  976  ]
43 - [ 1007  1012  881  875  991  994  997  996  974  999  ]
44 - [ 1007  1029  1014  1015  1028  1032  1016  1012  881  991  ]
45 - [ 1038  1007  1039  1050  1054  1029  1014  1042  1040  1043  ]
46 - [ 1007  1038  1039  1061  1077  1067  1064  1084  1068  1062  ]
47 - [ 1007  1038  1087  1088  1090  1096  1039  1091  1085  1103  ]
48 - [ 1109  1118  1126  1115  1121  1007  1038  1087  1108  1111  ]
49 - [ 1109  1132  1153  1134  1137  1118  1138  1126  1136  1140  ]
50 - [ 1109  1155  1132  1158  1157  1153  1134  1161  1163  1165  ]
51 - [ 1109  1180  1155  1178  1182  1132  1185  1158  1188  1157  ]
52 - [ 1109  1203  1180  1155  1204  1201  1206  1178  1209  1207  ]
53 - [ 1109  1226  1227  1229  1203  1180  1155  1204  1234  1201  ]
54 - [ 1249  1109  1226  1250  1227  1252  1254  1256  1229  1258  ]
55 - [ 1249  1109  1270  1226  1273  1250  1277  1275  1279  1227  ]
56 - [ 1109  1249  1270  1294  1298  1296  1299  1307  1273  1302  ]
57 - [ 1319  1318  1109  1321  1249  1294  1270  1328  1296  1326  ]
58 - [ 1348  1345  1350  1319  1321  1109  1341  1343  1249  1318  ]
59 - [ 1365  1109  1341  1375  1318  1343  1363  1249  1384  1373  ]
60 - [ 1365  1386  1399  1398  1387  1391  1373  1318  1394  1384  ]
61 - [ 1365  1411  1412  1386  1432  1399  1413  1415  1422  1414  ]
62 - [ 1436  1365  1411  1433  1439  1412  1440  1437  1451  1434  ]
63 - [ 1436  1456  1457  1460  1411  1365  1458  1433  1463  1465  ]
64 - [ 1436  1478  1479  1456  1498  1487  1481  1496  1486  1497  ]
65 - [ 1510  1436  1478  1504  1502  1503  1505  1479  1506  1456  ]
66 - [ 1510  1436  1478  1528  1526  1524  1539  1547  1529  1504  ]
67 - [ 1548  1510  1436  1555  1551  1550  1557  1478  1528  1559  ]
68 - [ 1571  1548  1574  1593  1510  1581  1436  1575  1578  1557  ]
69 - [ 1610  1571  1594  1600  1597  1548  1598  1574  1595  1602  ]
70 - [ 1610  1618  1571  1594  1620  1623  1624  1626  1600  1630  ]
71 - [ 1610  1641  1618  1643  1571  1645  1620  1646  1594  1651  ]
72 - [ 1665  1610  1641  1667  1668  1671  1618  1670  1643  1673  ]
73 - [ 1610  1689  1690  1665  1667  1687  1694  1641  1692  1697  ]
74 - [ 1714  1665  1610  1712  1689  1690  1716  1718  1724  1667  ]
75 - [ 1716  1610  1690  1689  1735  1738  1746  1744  1740  1714  ]
76 - [ 1716  1744  1735  1778  1759  1610  1738  1775  1765  1740  ]
77 - [ 1795  1787  1775  1744  1785  1801  1803  1783  1789  1793  ]
78 - [ 1795  1805  1806  1808  1814  1775  1823  1810  1821  1787  ]
79 - [ 1827  1828  1795  1829  1805  1830  1831  1832  1806  1834  ]
80 - [ 1852  1795  1828  1827  1854  1829  1853  1857  1850  1855  ]
81 - [ 1852  1873  1875  1878  1882  1887  1827  1877  1828  1879  ]
82 - [ 1894  1852  1898  1873  1875  1896  1900  1901  1878  1882  ]
83 - [ 1852  1894  1918  1873  1898  1920  1916  1926  1875  1925  ]
84 - [ 1852  1894  1939  1941  1943  1918  1944  1951  1949  1873  ]
85 - [ 1894  1852  1961  1963  1967  1964  1941  1939  1969  1974  ]
86 - [ 1852  1894  1988  1990  1961  1986  1992  1963  1994  2000  ]
87 - [ 1894  2009  1852  2011  2016  1990  2023  1988  1961  2018  ]
88 - [ 2031  2034  2011  1894  2036  1852  2039  2009  2047  1988  ]
89 - [ 2061  2056  2011  2067  2034  2070  1852  2039  1894  2063  ]
90 - [ 2061  2091  2087  2093  2098  2085  2039  2063  1894  2083  ]
91 - [ 2083  2039  2104  2111  2093  2098  2122  2106  2116  2085  ]
92 - [ 2106  2127  2093  2133  2085  2122  2124  2147  2132  2143  ]
93 - [ 2160  2168  2132  2133  2170  2122  2173  2154  2147  2106  ]
94 - [ 2168  2147  2195  2191  2154  2183  2122  2188  2132  2187  ]
95 - [ 2202  2204  2195  2191  2211  2213  2147  2188  2206  2216  ]
96 - [ 2242  2147  2224  2213  2231  2204  2188  2244  2202  2195  ]
97 - [ 2188  2224  2195  2257  2255  2261  2147  2242  2264  2266  ]
98 - [ 2257  2270  2272  2255  2280  2282  2264  2188  2274  2278  ]
99 - [ 2188  2264  2290  2292  2257  2255  2272  2311  2270  2308  ]
