16.1666
15.7795
16.1666
16.1666
15.7637
15.7795
15.7795
15.7637
15.7519
15.7519
15.7519
15.7519
15.7519
15.7519
15.7519
15.7519
15.7519
15.7519
15.7519
15.7519
15.7519
15.7519
15.7519
15.7519
15.7519
15.7519
15.7519
15.7519
15.7519
15.7519
15.7519
15.7519
15.7519
15.7519
15.7519
15.7519
15.7519
15.7519
15.7519
15.7519
15.7519
15.7519
15.7519
15.3904
15.7519
15.7519
15.7519
15.7519
15.7519
15.3904
15.7519
15.7519
15.7519
15.7519
15.7519
15.7519
15.3904
15.3904
15.3904
15.3904
15.3772
15.0533
15.3771
15.3771
15.3771
15.0538
15.0533
15.0533
15.0533
15.0538
15.0533
15.0420
15.0419
15.0419
15.0419
15.0419
15.0419
15.0419
15.0419
15.0419
15.0419
15.0419
15.0419
15.0419
15.0419
15.0419
14.7516
15.0419
15.0419
15.0419
15.0419
15.0419
15.0419
15.0419
15.0419
15.0419
15.0419
15.0419
15.0419
15.0419
15.0419
14.7516
14.7516
14.7463
14.7516
14.7463
14.7463
14.7463
14.7461
14.7461
14.7462
14.7461
14.7461
14.7461
14.7461
14.7461
14.7461
14.7461
14.7461
14.7461
14.7461
14.7461
14.7461
14.4854
14.7461
14.7461
14.7461
14.7461
14.7461
14.2524
14.4854
14.4854
14.2524
14.2524
14.2524
14.2524
14.2524
14.2524
14.0410
14.2524
14.2524
14.0351
14.0410
14.0410
14.0351
14.0351
14.0351
14.0351
14.0351
14.0351
14.0351
14.0351
14.0351
14.0351
14.0351
14.0351
14.0351
14.0351
14.0351
14.0351
14.0351
14.0351
14.0351
14.0351
14.0351
14.0351
14.0351
14.0351
14.0351
14.0351
14.0351
14.0351
14.0351
14.0351
14.0351
14.0351
14.0351
14.0351
14.0351
14.0351
14.0351
14.0351
14.0351
14.0351
14.0351
14.0351
13.8455
14.0351
14.0351
14.0351
14.0351
14.0351
14.0351
14.0351
14.0351
14.0351
13.8462
13.8455
13.8455
13.8455
13.8455
13.8455
13.8455
13.8455
13.8455
13.8455
13.8376
13.8376
13.8376
13.8376
13.8381
13.8376
13.8376
13.8376
13.8376
13.8376
13.8376
13.8376
13.8376
13.8376
13.8376
13.8376
13.8376
13.8376
13.8376
13.8376
13.8376
13.8376
13.8376
13.8376
13.8376
13.6678
13.8376
13.8376
13.8376
13.8376
13.8376
13.8376
13.8376
13.8376
13.8376
13.8376
13.8376
13.8376
13.5157
13.6678
13.6678
13.5157
13.3794
13.5157
13.5157
13.3636
13.3794
13.3636
13.3642
13.3636
13.3636
13.3636
13.3636
13.2418
13.3636
13.2260
13.2418
13.2266
13.2260
13.2260
13.2260
13.2260
13.2260
13.2260
13.2260
13.2260
13.2260
13.2260
13.2260
13.2260
13.2260
13.2260
13.2260
13.2260
13.2260
13.2260
13.2260
13.2260
13.2260
13.2260
13.2260
13.2260
13.2260
13.2260
13.2260
13.2260
13.2260
13.2260
13.2260
13.2260
13.2260
13.2260
13.2260
13.2260
13.2260
13.2260
13.2260
13.2260
13.2260
13.2260
13.2260
13.2260
13.2260
13.2260
13.2260
13.2260
13.2260
13.2260
13.2260
13.2260
13.2260
13.2260
13.2260
13.2260
13.2260
13.2260
13.2260
13.2260
13.2260
13.2260
13.2260
13.2260
13.2260
13.2260
13.2260
13.2260
13.2260
13.2260
13.2260
13.2260
13.2260
13.2260
13.2260
13.2260
13.2260
13.2260
13.2260
13.2260
13.2260
13.2260
13.2260
13.2260
13.2260
13.2260
13.2260
13.2260
13.2260
13.2260
13.2260
13.2260
13.2260
13.2260
13.2260
13.2260
13.2260
13.2260
13.2260
13.2260
13.2260
13.2260
13.2260
13.2260
13.2260
13.2260
13.2260
13.2260
13.2260
13.2260
13.2260
13.2260
13.2260
13.2260
13.2260
13.2260
13.2260
13.2260
13.2260
13.2260
13.2260
13.2260
13.2260
13.2260
13.2260
13.2260
13.2260
13.2260
13.2260
13.2260
13.2260
13.2260
13.2260
13.2260
13.2260
13.2260
13.2260
13.2260
13.2260
13.2260
13.2260
13.2260
13.2260
13.2260
13.2260
13.2260
13.2260
13.2260
13.2260
13.2260
13.2260
13.2260
13.2260
13.2260
13.2260
13.2260
13.2260
13.2260
13.2260
13.2260
13.2260
13.2260
13.2260
13.2260
13.2260
13.2260
13.2260
13.2260
13.2260
13.2260
13.2260
13.2260
13.2260
13.2260
13.2260
13.2260
13.2260
13.2260
13.2260
13.2260
13.2260
13.2260
13.2260
13.2260
13.2260
13.2260
13.2260
13.2260
13.2260
13.2260
13.2260
13.2260
13.2260
13.2260
13.2260
13.2260
13.2260
13.2260
13.2260
13.2260
13.2260
13.2260
13.2260
13.2260
13.2260
13.2260
13.2260
13.2260
13.2260
13.2260
13.2260
13.2260
13.2260
13.2260
13.2260
13.2260
13.2260
13.2260
13.2260
13.2260
13.2260
13.2260
13.2260
13.2260
13.2260
13.2260
13.2260
13.2260
13.2260
13.2260
13.2260
13.2260
13.2260
13.2260
13.2260
13.2260
13.2260
13.2260
13.2260
13.2260
13.2260
13.2260
13.2260
13.2260
13.2260
13.2260
13.2260
13.2260
13.2260
13.2260
13.2260
13.2260
13.2260
13.2260
13.2260
13.2260
13.2260
13.2260
13.2260
13.2260
13.2260
13.2260
13.2260
13.2260
13.2260
13.2260
13.2260
13.2260
13.2260
13.2260
13.2260
13.2260
13.2260
13.2260
13.2260
13.2260
13.2260
13.2260
13.2260
13.2260
13.2260
13.2260
13.2260
13.2260
13.2260
13.2260
13.2260
13.2260
13.2260
13.2260
13.2260
13.2260
13.2260
13.2260
13.2260
13.2260
13.2260
13.2260
13.2260
13.2260
13.2260
13.2260
13.2260
13.2260
13.2260
13.2260
13.2260
13.2260
13.2260
13.2260
13.2260
13.2260
13.2260
13.2260
13.2260
13.2260
13.2260
13.2260
13.2260
13.2260
13.2260
13.2260
13.2260
13.2260
13.2260
13.2260
13.2260
13.2260
13.2260
13.2260
13.2260
13.2260
13.2260
13.2260
13.2260
13.2260
13.2260
13.2260
13.2260
13.2260
13.2260
13.2260
13.2260
13.2260
13.2260
13.2260
13.2260
13.2260
13.2260
13.2260
13.2260
13.2260
13.2260
13.2260
13.2260
13.2260
13.2260
13.2260
13.2260
13.2260
13.2260
13.2260
13.2260
13.2260
13.2260
13.2260
13.2260
13.2260
13.2260
13.2260
13.2260
13.2260
13.2260
13.2260
13.2260
13.2260
13.2260
13.2260
13.2260
13.2260
13.2260
13.2260
13.2260
13.2260
13.2260
13.2260
13.2260
13.2260
13.2260
13.2260
13.2260
13.2260
13.2260
13.2260
13.2260
13.2260
13.2260
13.2260
13.2260
13.2260
13.2260
13.2260
13.2260
13.2260
13.2260
13.2260
13.2260
13.2260
13.2260
13.2260
13.2260
13.2260
13.2260
13.2260
13.2260
13.2260
13.2260
13.2260
13.2260
13.2260
13.2260
13.2260
13.2260
13.2260
13.2260
13.2260
13.2260
13.2260
13.2260
13.2260
13.2260
13.2260
13.2260
13.2260
13.2260
13.2260
13.2260
13.2260
13.2260
13.2260
13.2260
13.2260
13.2260
13.2260
13.2260
13.2260
13.2260
13.2260
13.2260
13.2260
13.2260
13.2260
13.2260
13.2260
13.2260
13.2260
13.2260
13.2260
13.2260
13.2260
13.2260
13.2260
13.2260
13.2260
13.2260
13.2260
13.2260
13.2260
13.2260
13.2260
13.2260
13.2260
13.2260
13.2260
13.2260
13.2260
13.2260
13.2260
13.2260
13.2260
13.2260
13.2260
13.2260
13.2260
13.2260
13.2260
13.2260
13.2260
13.2260
13.2260
13.2260
13.2260
13.2260
13.2260
13.2260
13.2260
13.2260
13.2260
13.2260
13.2260
13.2260
13.2260
13.2260
13.2260
13.2260
13.2260
13.2260
13.2260
13.2260
13.2260
13.2260
13.2260
13.2260
13.2260
13.2260
13.2260
13.2260
13.2260
13.2260
13.2260
13.2260
13.2260
13.2260
13.2260
13.2260
13.2260
13.2260
13.2260
13.2260
13.2260
13.2260
13.2260
13.2260
13.2260
13.2260
13.2260
13.2260
13.2260
13.2260
13.2260
13.2260
13.2260
13.2260
13.2260
13.2260
13.2260
13.2260
13.2260
13.2260
13.2260
13.2260
13.2260
13.2260
13.2260
13.2260
13.2260
13.2260
13.2260
13.2260
13.2260
13.2260
13.2260
13.2260
13.2260
13.2260
13.2260
13.2260
13.2260
13.2260
13.2260
13.2260
13.2260
13.2260
13.2260
13.2260
13.2260
13.2260
13.2260
13.2260
13.2260
13.2260
13.2260
13.2260
13.2260
13.2260
13.2260
13.2260
13.2260
13.2260
13.2260
13.2260
13.2260
13.2260
13.2260
13.2260
13.2260
13.2260
13.2260
13.2260
13.2260
13.2260
13.2260
13.2260
13.2260
13.2260
13.2260
13.2260
13.2260
13.2260
13.2260
13.2260
13.2260
13.2260
13.2260
13.2260
13.2260
13.2260
13.2260
13.2260
13.2260
13.2260
13.2260
13.2260
13.2260
13.2260
13.2260
13.2260
13.2260
13.2260
13.2260
13.2260
13.2260
13.2260
13.2260
13.2260
13.2260
13.2260
13.2260
13.2260
13.2260
13.2260
13.2260
13.2260
13.2260
13.2260
13.2260
13.2260
13.2260
13.2260
13.2260
13.2260
13.2260
13.2260
13.2260
13.2260
13.2260
13.2260
13.2260
13.2260
13.2260
13.2260
13.2260
13.2260
13.2260
13.2260
13.2260
13.2260
13.2260
13.2260
13.2260
13.2260
13.2260
13.2260
13.2260
13.2260
13.2260
13.2260
13.2260
13.2260
13.2260
13.2260
13.2260
13.2260
13.2260
13.2260
13.2260
13.2260
13.2260
13.2260
13.2260
13.2260
13.2260
13.2260
13.2260
13.2260
13.2260
13.2260
13.2260
13.2260
13.2260
13.2260
13.2260
13.2260
13.2260
13.2260
13.2260
13.2260
13.2260
13.2260
13.2260
13.2260
13.2260
13.2260
13.2260
13.2260
13.2260
13.2260
13.2260
13.2260
13.2260
13.2260
13.2260
13.2260
13.2260
13.2260
13.2260
13.2260
13.2260
13.2260
13.2260
13.2260
13.2260
13.2260
13.2260
13.2260
13.2260
13.2260
13.2260
13.2260
13.2260
13.2260
13.2260
13.2260
13.2260
13.2260
13.2260
13.2260
13.2260
13.2260
13.2260
13.2260
13.2260
13.2260
13.2260
13.2260
13.2260
13.2260
13.2260
13.2260
13.2260
13.2260
13.2260
13.2260
13.2260
13.2260
13.2260
13.2260
13.2260
13.2260
13.2260
13.2260
13.2260
13.2260
13.2260
13.2260
13.2260
13.2260
13.2260
13.2260
13.2260
13.2260
13.2260
13.2260
13.2260
13.2260
13.2260
13.2260
13.2260
13.2260
13.2260
13.2260
13.2260
13.2260
13.2260
13.2260
13.2260
13.2260
13.2260
13.2260
13.2260
13.2260
13.2260
13.2260
13.2260
13.2260
13.2260
13.2260
13.2260
13.2260
13.2260
13.2260
13.2260
13.2260
13.2260
13.2260
13.2260
13.2260
13.2260
13.2260
13.2260
13.2260
13.2260
13.2260
13.2260
13.2260
13.2260
13.2260
13.2260
13.2260
13.2260
13.2260
13.2260
13.2260
13.2260
13.2260
13.2260
13.2260
13.2260
13.2260
13.2260
13.2260
13.2260
13.2260
13.2260
13.2260
13.2260
13.2260
13.2260
13.2260
13.2260
13.2260
13.2260
13.2260
13.2260
13.2260
13.2260
13.2260
13.2260
13.2260
13.2260
13.2260
13.2260
13.2260
13.2260
13.2260
13.2260
13.2260
13.2260
13.2260
13.2260
13.2260
13.2260
13.2260
13.2260
13.2260
13.2260
13.2260
13.2260
13.2260
13.2260
13.2260
13.2260
13.2260
13.2260
13.2260
13.2260
13.2260
13.2260
13.2260
13.2260
13.2260
13.2260
13.2260
13.2260
13.2260
13.2260
13.2260
13.2260
13.2260
13.2260
13.2260
13.2260
13.2260
13.2260
13.2260
13.2260
13.2260
13.2260
13.2260
13.2260
13.2260
13.2260
13.2260
