0 - [ 165  150  122  144  ]
1 - [ 198  193  210  ]
2 - [ 225  218  ]
3 - [ 230  227  228  232  235  ]
4 - [ 251  238  256  243  249  258  254  245  253  247  242  240  ]
5 - [ 318  313  283  271  306  304  299  301  261  270  290  311  312  303  280  ]
6 - [ 384  325  345  387  323  335  342  392  327  375  354  389  382  372  330  ]
7 - [ 416  414  440  411  439  ]
8 - [ 476  484  499  480  ]
9 - [ 506  504  505  508  509  507  ]
10 - [ 534  532  ]
11 - [ 561  554  555  ]
12 - [ 567  577  571  573  563  575  568  564  578  565  ]
13 - [ 583  596  580  602  594  615  614  610  617  619  605  628  627  598  581  ]
14 - [ 694  675  656  654  ]
15 - [ 735  734  715  720  ]
16 - [ 754  752  737  ]
17 - [ 758  762  767  756  766  760  764  ]
18 - [ 770  784  790  772  786  792  794  800  797  782  ]
19 - [ 807  808  841  ]
20 - [ 856  858  868  ]
21 - [ 882  870  883  872  873  880  ]
22 - [ 910  890  909  ]
23 - [ 926  919  929  930  923  927  925  ]
24 - [ 961  945  944  932  949  936  940  934  963  947  953  951  938  942  958  ]
25 - [ 1019  1029  1031  1039  992  990  965  1025  1021  968  1002  997  971  1027  1007  ]
26 - [ 1055  1095  1082  1108  1054  1105  1044  1111  1116  1114  1063  1106  1093  1098  1079  ]
27 - [ 1146  1145  1144  1162  ]
28 - [ 1211  1209  1215  1212  1219  1199  1201  ]
29 - [ 1236  1228  1241  1234  1239  1242  1221  ]
30 - [ 1262  1288  1276  1269  1272  1264  1265  1257  1259  1285  1274  1280  1278  1267  1283  ]
31 - [ 1338  1307  1313  1354  1327  1290  1332  1330  1309  1302  1336  1363  1323  1303  1305  ]
32 - [ 1419  1411  1420  ]
33 - [ 1459  1458  1450  1446  ]
34 - [ 1477  1474  ]
35 - [ 1481  1488  1483  ]
36 - [ 1492  1502  1490  1498  1494  ]
37 - [ 1512  1524  ]
38 - [ 1532  1533  1531  1529  ]
39 - [ 1547  1542  1556  1558  1544  1541  1554  1548  1539  1546  ]
40 - [ 1582  1576  1585  1593  1570  1568  1562  1560  1599  1603  1587  1605  1596  1589  1580  ]
41 - [ 1689  1653  1649  1611  1627  1662  1613  1660  1640  1677  1629  1642  1637  1655  1658  ]
42 - [ 1731  1712  1765  1696  1760  1770  1691  1692  1723  1749  1718  1730  1714  1702  1716  ]
43 - [ 1820  1817  1782  1846  1800  1780  1844  1778  1795  1797  1787  1793  1805  1838  1775  ]
44 - [ 1920  1914  1888  1871  1874  1858  1849  1896  1852  1911  1864  1922  1892  1884  1866  ]
45 - [ 1997  1947  1989  1952  1928  1987  1933  1924  1931  1965  1972  1944  1970  1975  1999  ]
46 - [ 2059  2038  2017  2044  2025  2052  2033  2048  2019  2050  2035  2040  2058  2036  2054  ]
47 - [ 2121  2116  2099  2118  2136  2085  2134  2082  2129  2098  2144  2080  2101  2131  2139  ]
48 - [ 2167  2173  2154  2171  2182  2148  2197  2192  2199  2209  2179  2202  2174  2185  2162  ]
49 - [ 2276  2272  2269  2266  2242  2256  2244  2238  2240  2236  2254  2274  2281  2224  2283  ]
50 - [ 2351  2318  2370  2358  2356  2331  2333  2368  2315  2302  2313  2349  2373  2365  2329  ]
51 - [ 2382  2380  2416  2450  2411  2425  2398  2428  2385  2377  2448  2390  2387  2408  2401  ]
52 - [ 2467  2485  2525  2520  2527  2453  2518  2478  2463  2472  2470  2465  2507  2481  2495  ]
53 - [ 2588  2575  2578  2541  2599  2551  2553  2595  2539  2601  2566  2593  2558  2569  2590  ]
54 - [ 2646  2678  2605  2667  2675  2665  2648  2613  2649  2651  2643  2611  2619  2628  2655  ]
55 - [ 2705  2683  2719  2730  2732  2743  2721  2723  2700  2701  2736  2756  2747  2686  2716  ]
56 - [ 2774  2799  2771  2779  2782  2796  2804  2813  2760  2763  2792  2758  2811  2809  2777  ]
57 - [ 2898  2882  2895  2886  2830  2857  2840  2833  2850  2859  2903  2868  2838  2864  2853  ]
58 - [ 2936  2938  2950  2973  2958  2943  2926  2963  2948  2924  2918  2928  2968  2916  2960  ]
59 - [ 2978  2998  2984  3012  3044  3039  3006  3037  3049  3025  3001  3019  3027  3009  2993  ]
60 - [ 3071  3127  3106  3102  3096  3083  3112  3058  3065  3100  3123  3107  3131  3061  3085  ]
61 - [ 3139  3195  3155  3142  3170  3176  3149  3179  3185  3151  3171  3159  3191  3189  3182  ]
62 - [ 3231  3254  3208  3237  3216  3235  3203  3246  3228  3248  3233  3205  3251  3260  3214  ]
63 - [ 3315  3339  3284  3337  3282  3278  3341  3336  3322  3317  3280  3290  3288  3345  3310  ]
64 - [ 3376  3415  3418  3385  3370  3408  3391  3420  3365  3396  3398  3400  3354  3383  3402  ]
65 - [ 3488  3445  3499  3455  3485  3441  3483  3438  3458  3451  3433  3460  3429  3453  3424  ]
66 - [ 3561  3527  3550  3566  3516  3525  3531  3559  3539  3506  3555  3537  3511  3504  3533  ]
67 - [ 3606  3617  3582  3627  3586  3611  3623  3584  3596  3610  3632  3608  3574  3636  3601  ]
68 - [ 3700  3676  3659  3657  3685  3698  3683  3710  3702  3668  3706  3665  3688  3704  3697  ]
69 - [ 3733  3729  3761  3766  3777  3724  3757  3780  3734  3715  3744  3753  3755  3736  3771  ]
70 - [ 3818  3830  3842  3787  3840  3805  3858  3838  3823  3803  3820  3792  3853  3825  3850  ]
71 - [ 3886  3906  3927  3879  3867  3888  3922  3905  3884  3863  3882  3920  3861  3901  3914  ]
72 - [ 3991  3938  3994  3972  3957  3936  3953  3976  3942  3968  3940  3996  3999  4002  3980  ]
73 - [ 4056  4021  4048  4059  4031  4076  4050  4066  4015  4062  4029  4079  4068  4011  4038  ]
74 - [ 4100  4091  4144  4111  4138  4140  4116  4089  4098  4148  4121  4146  4102  4128  4125  ]
75 - [ 4195  4207  4162  4205  4197  4227  4212  4214  4236  4191  4225  4201  4219  4174  4172  ]
76 - [ 4303  4254  4301  4242  4247  4290  4285  4274  4269  4267  4278  4309  4276  4244  4240  ]
77 - [ 4366  4375  4349  4370  4319  4311  4380  4347  4340  4354  4317  4336  4362  4343  4315  ]
78 - [ 4436  4424  4420  4391  4426  4430  4409  4394  4447  4415  4442  4389  4433  4402  4428  ]
79 - [ 4517  4528  4482  4495  4470  4520  4489  4507  4524  4466  4484  4515  4480  4503  4477  ]
80 - [ 4587  4544  4594  4585  4563  4533  4565  4546  4558  4537  4535  4596  4554  4570  4592  ]
81 - [ 4604  4623  4643  4646  4641  4614  4606  4632  4629  4649  4612  4625  4621  4617  4608  ]
82 - [ 4722  4716  4714  4698  4696  4686  4727  4729  4719  4709  4674  4691  4741  4676  4738  ]
83 - [ 4783  4769  4749  4816  4746  4788  4776  4757  4773  4811  4794  4787  4796  4751  4743  ]
84 - [ 4828  4837  4851  4874  4870  4882  4853  4855  4890  4872  4832  4857  4825  4859  4880  ]
85 - [ 4942  4906  4917  4904  4940  4896  4910  4938  4924  4934  4961  4953  4919  4915  4922  ]
86 - [ 5012  5036  4965  5021  4985  4980  4987  4993  4963  4999  5028  5017  5014  4967  4996  ]
87 - [ 5080  5099  5093  5095  5071  5062  5078  5068  5057  5064  5067  5042  5109  5044  5060  ]
88 - [ 5168  5181  5116  5155  5143  5166  5122  5161  5153  5151  5157  5148  5136  5183  5179  ]
89 - [ 5218  5231  5187  5252  5198  5260  5220  5213  5247  5228  5243  5193  5257  5238  5208  ]
90 - [ 5300  5280  5272  5328  5308  5324  5283  5269  5316  5289  5322  5302  5294  5265  5326  ]
91 - [ 5376  5391  5356  5383  5362  5373  5348  5353  5358  5402  5385  5404  5343  5395  5407  ]
92 - [ 5440  5450  5415  5457  5462  5426  5428  5471  5424  5417  5467  5452  5419  5477  5481  ]
93 - [ 5501  5543  5546  5496  5512  5488  5531  5538  5514  5494  5520  5553  5525  5516  5508  ]
94 - [ 5612  5621  5594  5603  5623  5557  5569  5582  5596  5590  5571  5586  5562  5555  5589  ]
95 - [ 5634  5696  5681  5656  5654  5642  5640  5632  5648  5692  5698  5679  5694  5677  5687  ]
96 - [ 5757  5730  5755  5701  5765  5760  5719  5721  5715  5705  5707  5746  5737  5712  5739  ]
97 - [ 5794  5820  5776  5797  5826  5843  5804  5783  5809  5802  5811  5791  5841  5781  5800  ]
98 - [ 5873  5899  5913  5904  5853  5867  5884  5908  5892  5864  5906  5889  5915  5856  5901  ]
99 - [ 5949  5987  5946  5925  5957  5929  5967  5963  5984  5974  5951  5917  5921  5990  5944  ]
