0 - [ 11  8  18  7  5  2  1  4  13  9  ]
1 - [ 7  9  39  25  11  51  42  31  50  18  ]
2 - [ 18  60  25  51  11  42  62  80  65  39  ]
3 - [ 25  39  42  86  65  100  60  89  98  11  ]
4 - [ 98  117  118  122  25  65  42  89  112  11  ]
5 - [ 164  148  98  25  65  139  141  152  117  160  ]
6 - [ 178  152  139  193  170  148  175  173  141  25  ]
7 - [ 148  198  173  206  201  178  219  193  203  175  ]
8 - [ 173  223  236  178  231  233  148  219  240  198  ]
9 - [ 233  246  198  244  265  252  178  259  262  267  ]
10 - [ 252  281  270  246  284  233  198  262  178  267  ]
11 - [ 302  306  296  246  294  252  267  284  178  308  ]
12 - [ 322  328  336  342  267  296  325  284  302  339  ]
13 - [ 365  267  339  284  357  363  342  354  328  350  ]
14 - [ 354  374  284  350  386  342  372  363  389  376  ]
15 - [ 406  402  354  284  394  399  386  409  374  397  ]
16 - [ 418  374  399  397  423  430  409  439  354  394  ]
17 - [ 409  451  449  453  439  354  459  461  443  399  ]
18 - [ 472  481  461  459  464  484  467  451  354  443  ]
19 - [ 504  464  459  443  484  511  509  513  472  451  ]
20 - [ 464  472  525  443  511  515  529  504  537  520  ]
21 - [ 557  542  525  555  511  443  515  520  563  547  ]
22 - [ 572  557  520  547  566  574  579  581  515  443  ]
23 - [ 612  572  520  599  591  547  574  604  607  566  ]
24 - [ 547  619  520  630  612  574  604  627  623  566  ]
25 - [ 664  627  630  612  547  574  656  653  623  662  ]
26 - [ 547  685  664  662  666  677  671  679  630  690  ]
27 - [ 709  664  696  547  690  714  679  706  703  662  ]
28 - [ 732  722  725  706  703  737  709  730  696  727  ]
29 - [ 747  732  737  770  750  727  753  696  761  725  ]
30 - [ 775  772  783  750  792  786  777  732  725  780  ]
31 - [ 807  732  725  777  792  820  799  772  815  750  ]
32 - [ 820  777  822  846  844  841  835  725  832  837  ]
33 - [ 848  852  857  837  864  859  820  841  725  822  ]
34 - [ 874  889  864  872  876  881  841  886  837  892  ]
35 - [ 909  886  898  837  841  876  889  904  881  923  ]
36 - [ 928  942  933  886  837  940  945  876  926  841  ]
37 - [ 940  967  969  928  841  971  837  952  945  942  ]
38 - [ 837  841  993  1001  996  969  945  942  979  952  ]
39 - [ 952  1017  1026  993  841  1014  1004  1011  837  942  ]
40 - [ 1034  942  1049  1030  837  1042  1017  1028  993  1011  ]
41 - [ 1072  1055  1042  1074  1049  1070  1017  1028  1034  1052  ]
42 - [ 1017  1095  1049  1052  1090  1084  1028  1034  1097  1072  ]
43 - [ 1124  1118  1115  1017  1121  1090  1049  1052  1099  1034  ]
44 - [ 1052  1118  1141  1115  1017  1146  1121  1126  1139  1129  ]
45 - [ 1052  1139  1154  1129  1157  1162  1164  1146  1169  1121  ]
46 - [ 1189  1176  1164  1169  1195  1146  1187  1139  1185  1181  ]
47 - [ 1139  1203  1164  1169  1185  1187  1195  1224  1209  1176  ]
48 - [ 1203  1246  1209  1224  1195  1243  1248  1229  1139  1226  ]
49 - [ 1264  1224  1243  1268  1271  1266  1139  1275  1226  1256  ]
50 - [ 1290  1226  1243  1278  1275  1285  1299  1282  1268  1292  ]
51 - [ 1226  1243  1310  1308  1292  1316  1304  1299  1321  1282  ]
52 - [ 1321  1336  1226  1292  1342  1344  1346  1282  1327  1308  ]
53 - [ 1321  1369  1327  1292  1356  1282  1308  1365  1363  1360  ]
54 - [ 1393  1385  1327  1374  1380  1369  1282  1365  1391  1360  ]
55 - [ 1420  1407  1401  1385  1393  1282  1423  1414  1391  1422  ]
56 - [ 1282  1434  1431  1425  1442  1407  1427  1437  1401  1393  ]
57 - [ 1437  1449  1471  1466  1407  1401  1469  1393  1458  1431  ]
58 - [ 1476  1431  1487  1449  1491  1480  1484  1407  1489  1478  ]
59 - [ 1512  1500  1521  1519  1503  1509  1449  1480  1498  1431  ]
60 - [ 1530  1538  1527  1480  1498  1521  1500  1509  1431  1519  ]
61 - [ 1509  1500  1538  1521  1571  1563  1559  1568  1530  1480  ]
62 - [ 1530  1568  1538  1595  1581  1571  1592  1480  1563  1509  ]
63 - [ 1615  1530  1611  1571  1480  1592  1581  1605  1600  1538  ]
64 - [ 1635  1571  1581  1600  1648  1643  1611  1637  1640  1538  ]
65 - [ 1669  1571  1654  1659  1640  1658  1674  1671  1661  1666  ]
66 - [ 1681  1676  1669  1658  1659  1679  1690  1640  1683  1674  ]
67 - [ 1679  1683  1718  1700  1707  1659  1690  1720  1711  1676  ]
68 - [ 1690  1679  1737  1700  1730  1720  1734  1707  1739  1683  ]
69 - [ 1707  1766  1747  1764  1737  1720  1756  1734  1683  1752  ]
70 - [ 1792  1683  1720  1787  1707  1768  1734  1776  1771  1782  ]
71 - [ 1805  1818  1720  1683  1787  1782  1797  1800  1816  1803  ]
72 - [ 1816  1840  1720  1820  1837  1787  1797  1805  1828  1822  ]
73 - [ 1797  1864  1861  1822  1820  1870  1872  1720  1846  1840  ]
74 - [ 1840  1877  1889  1822  1720  1893  1864  1875  1820  1846  ]
75 - [ 1893  1902  1864  1889  1720  1840  1875  1908  1920  1898  ]
76 - [ 1920  1908  1935  1942  1902  1928  1940  1720  1875  1864  ]
77 - [ 1928  1942  1952  1959  1949  1720  1947  1954  1969  1957  ]
78 - [ 1984  1957  1992  1949  1954  1928  1986  1980  1969  1982  ]
79 - [ 1999  2007  1957  1995  1984  1997  2001  2009  1928  1949  ]
80 - [ 2031  1984  2022  1928  1997  2034  2027  2019  2001  1995  ]
81 - [ 1928  2034  2027  2051  2042  2056  2058  2001  2040  1995  ]
82 - [ 2068  2040  2027  2079  2081  2083  1928  2034  2066  2073  ]
83 - [ 2073  2088  2081  2068  2090  2040  2083  2101  2092  2095  ]
84 - [ 2083  2133  2111  2088  2127  2040  2101  2124  2092  2129  ]
85 - [ 2141  2129  2088  2144  2158  2101  2147  2150  2135  2153  ]
86 - [ 2186  2174  2153  2144  2169  2135  2129  2166  2088  2184  ]
87 - [ 2184  2188  2197  2207  2191  2199  2210  2204  2129  2166  ]
88 - [ 2214  2212  2210  2166  2204  2220  2199  2207  2129  2218  ]
89 - [ 2238  2234  2249  2199  2207  2220  2256  2204  2129  2236  ]
90 - [ 2249  2207  2220  2199  2238  2256  2234  2204  2259  2129  ]
91 - [ 2304  2309  2289  2207  2234  2291  2238  2204  2296  2249  ]
92 - [ 2207  2324  2331  2238  2333  2234  2329  2289  2204  2315  ]
93 - [ 2204  2333  2335  2338  2355  2349  2346  2329  2336  2341  ]
94 - [ 2349  2382  2372  2376  2329  2367  2374  2335  2355  2341  ]
95 - [ 2393  2402  2329  2404  2391  2355  2388  2372  2395  2367  ]
96 - [ 2367  2422  2388  2430  2424  2412  2329  2419  2372  2355  ]
97 - [ 2355  2388  2447  2412  2367  2419  2430  2452  2440  2450  ]
98 - [ 2430  2367  2452  2355  2465  2419  2467  2473  2440  2447  ]
99 - [ 2440  2367  2452  2499  2447  2355  2430  2494  2502  2512  ]
