15.7795
16.1672
16.1824
16.1824
16.1824
16.1824
16.1824
16.1824
16.1824
16.1824
15.7795
15.8585
16.1039
16.1666
16.1667
16.1672
16.1672
16.1678
16.1824
16.1824
15.7795
15.8585
15.8585
15.9138
16.0881
16.1039
16.1196
16.1203
16.1203
16.1276
15.7795
15.7953
15.8432
15.8433
15.8585
15.8585
15.8585
15.8704
15.9025
15.9099
15.7721
15.7795
15.7795
15.7840
15.7874
15.7914
15.7953
15.7959
15.8077
15.8352
15.7721
15.7722
15.7727
15.7760
15.7767
15.7767
15.7767
15.7795
15.7795
15.7795
15.7720
15.7721
15.7722
15.7723
15.7727
15.7727
15.7727
15.7727
15.7733
15.7734
15.7720
15.7721
15.7721
15.7721
15.7722
15.7722
15.7723
15.7723
15.7726
15.7726
15.7720
15.7721
15.7721
15.7721
15.7721
15.7721
15.7721
15.7721
15.7722
15.7722
15.7720
15.7720
15.7720
15.7721
15.7721
15.7721
15.7721
15.7721
15.7721
15.7721
15.7720
15.7720
15.7720
15.7720
15.7720
15.7720
15.7721
15.7721
15.7721
15.7721
15.7720
15.7720
15.7720
15.7720
15.7720
15.7720
15.7720
15.7720
15.7720
15.7720
15.7720
15.7720
15.7720
15.7720
15.7720
15.7720
15.7720
15.7720
15.7720
15.7720
15.7720
15.7720
15.7720
15.7720
15.7720
15.7720
15.7720
15.7720
15.7720
15.7720
15.7720
15.7720
15.7720
15.7720
15.7720
15.7720
15.7720
15.7720
15.7720
15.7720
15.7720
15.7720
15.7720
15.7720
15.7720
15.7720
15.7720
15.7720
15.7720
15.7720
15.7720
15.7720
15.7720
15.7720
15.7720
15.7720
15.7720
15.7720
15.7720
15.7720
15.7720
15.7720
15.7720
15.7720
15.7720
15.7720
15.7720
15.7720
15.7720
15.7720
15.4086
15.4086
15.7720
15.7720
15.7720
15.7720
15.7720
15.7720
15.7720
15.7720
15.4086
15.4086
15.4837
15.4837
15.4842
15.4843
15.6970
15.6970
15.6975
15.6975
15.4086
15.4086
15.4086
15.4092
15.4251
15.4679
15.4679
15.4762
15.4837
15.4837
15.0828
15.4086
15.4086
15.4086
15.4086
15.4086
15.4091
15.4092
15.4093
15.4127
15.0828
15.1460
15.3460
15.3969
15.3972
15.3974
15.3975
15.4086
15.4086
15.4086
15.0828
15.1460
15.1460
15.1460
15.1460
15.1465
15.1466
15.1861
15.3064
15.3341
15.0828
15.0828
15.0946
15.0952
15.1346
15.1348
15.1460
15.1460
15.1460
15.1460
15.0828
15.0828
15.0946
15.0946
15.0946
15.0946
15.0952
15.0952
15.0953
15.1030
14.7885
15.0819
15.0828
15.0828
15.0828
15.0834
15.0946
15.0946
15.0946
15.0946
14.7885
14.8477
14.8483
14.8483
15.0240
15.0241
15.0354
15.0809
15.0813
15.0817
14.7885
14.8009
14.8010
14.8359
14.8364
14.8364
14.8365
14.8477
14.8483
14.8483
14.7885
14.7970
14.8004
14.8009
14.8009
14.8010
14.8088
14.8096
14.8135
14.8167
14.5429
14.7851
14.7857
14.7885
14.7927
14.7930
14.7970
14.7970
14.7975
14.7976
14.5429
14.5940
14.5948
14.5949
14.7339
14.7374
14.7377
14.7851
14.7853
14.7857
14.5429
14.5430
14.5547
14.5828
14.5940
14.5948
14.5948
14.5949
14.6163
14.6221
14.5429
14.5429
14.5430
14.5435
14.5509
14.5547
14.5633
14.5673
14.5687
14.5756
14.3100
14.5376
14.5429
14.5429
14.5430
14.5430
14.5430
14.5435
14.5435
14.5469
14.3100
14.3575
14.3581
14.3581
14.4908
14.4956
14.4960
14.5291
14.5297
14.5375
14.2985
14.3100
14.3219
14.3462
14.3517
14.3575
14.3581
14.3581
14.3581
14.3588
14.2926
14.2985
14.2985
14.3052
14.3100
14.3145
14.3179
14.3219
14.3219
14.3224
14.2925
14.2926
14.2926
14.2985
14.2985
14.2992
14.3024
14.3024
14.3050
14.3052
14.2925
14.2925
14.2926
14.2926
14.2926
14.2926
14.2926
14.2926
14.2933
14.2933
14.2925
14.2925
14.2925
14.2926
14.2926
14.2926
14.2926
14.2926
14.2926
14.2926
14.2925
14.2925
14.2925
14.2925
14.2925
14.2925
14.2925
14.2926
14.2926
14.2926
14.0773
14.2925
14.2925
14.2925
14.2925
14.2925
14.2925
14.2925
14.2925
14.2925
14.0760
14.0772
14.0773
14.0792
14.1214
14.2491
14.2925
14.2925
14.2925
14.2925
14.0760
14.0760
14.0772
14.0773
14.0792
14.0859
14.1134
14.1193
14.1207
14.1207
14.0760
14.0760
14.0760
14.0760
14.0766
14.0772
14.0773
14.0773
14.0773
14.0792
14.0758
14.0760
14.0760
14.0760
14.0760
14.0760
14.0760
14.0760
14.0760
14.0760
13.8824
14.0758
14.0758
14.0760
14.0760
14.0760
14.0760
14.0760
14.0760
14.0760
13.8824
13.9187
13.9219
14.0370
14.0403
14.0758
14.0758
14.0758
14.0759
14.0759
13.8824
13.9142
13.9187
13.9187
13.9193
13.9219
13.9457
13.9463
13.9510
13.9542
13.8824
13.8824
13.8831
13.9142
13.9187
13.9187
13.9193
13.9219
13.9220
13.9226
13.8824
13.8824
13.8825
13.8826
13.8831
13.8831
13.8838
13.8910
13.8911
13.8917
13.8791
13.8798
13.8824
13.8824
13.8825
13.8826
13.8826
13.8826
13.8826
13.8827
13.8790
13.8791
13.8793
13.8798
13.8798
13.8798
13.8804
13.8824
13.8824
13.8824
13.8790
13.8791
13.8791
13.8791
13.8791
13.8793
13.8793
13.8793
13.8796
13.8797
13.8790
13.8790
13.8791
13.8791
13.8791
13.8791
13.8791
13.8791
13.8792
13.8792
13.8790
13.8790
13.8790
13.8791
13.8791
13.8791
13.8791
13.8791
13.8791
13.8791
13.8790
13.8790
13.8790
13.8790
13.8790
13.8790
13.8790
13.8791
13.8791
13.8791
13.8790
13.8790
13.8790
13.8790
13.8790
13.8790
13.8790
13.8790
13.8790
13.8790
13.8790
13.8790
13.8790
13.8790
13.8790
13.8790
13.8790
13.8790
13.8790
13.8790
13.8790
13.8790
13.8790
13.8790
13.8790
13.8790
13.8790
13.8790
13.8790
13.8790
13.8790
13.8790
13.8790
13.8790
13.8790
13.8790
13.8790
13.8790
13.8790
13.8790
13.8790
13.8790
13.8790
13.8790
13.8790
13.8790
13.8790
13.8790
13.8790
13.8790
13.7052
13.8790
13.8790
13.8790
13.8790
13.8790
13.8790
13.8790
13.8790
13.8790
13.7052
13.7053
13.7368
13.8481
13.8790
13.8790
13.8790
13.8790
13.8790
13.8790
13.7052
13.7052
13.7053
13.7060
13.7092
13.7336
13.7368
13.7368
13.7416
13.7526
13.7052
13.7052
13.7053
13.7053
13.7053
13.7053
13.7059
13.7059
13.7060
13.7060
13.7020
13.7052
13.7052
13.7052
13.7053
13.7053
13.7053
13.7053
13.7053
13.7053
13.5492
13.7013
13.7019
13.7020
13.7020
13.7052
13.7052
13.7052
13.7052
13.7052
13.5492
13.5493
13.5749
13.5817
13.6737
13.6803
13.7013
13.7014
13.7019
13.7019
13.5440
13.5492
13.5493
13.5552
13.5731
13.5749
13.5814
13.5814
13.5815
13.5817
13.5440
13.5478
13.5478
13.5486
13.5492
13.5492
13.5493
13.5499
13.5533
13.5538
13.5435
13.5439
13.5440
13.5440
13.5440
13.5440
13.5447
13.5478
13.5478
13.5480
13.5435
13.5436
13.5438
13.5439
13.5440
13.5440
13.5440
13.5440
13.5440
13.5440
13.5435
13.5436
13.5436
13.5437
13.5438
13.5438
13.5439
13.5439
13.5439
13.5440
13.5435
13.5436
13.5436
13.5436
13.5436
13.5436
13.5437
13.5437
13.5437
13.5437
13.5435
13.5435
13.5436
13.5436
13.5436
13.5436
13.5436
13.5436
13.5436
13.5436
13.5435
13.5435
13.5435
13.5435
13.5435
13.5436
13.5436
13.5436
13.5436
13.5436
13.5435
13.5435
13.5435
13.5435
13.5435
13.5435
13.5435
13.5435
13.5435
13.5435
13.5435
13.5435
13.5435
13.5435
13.5435
13.5435
13.5435
13.5435
13.5435
13.5435
13.5435
13.5435
13.5435
13.5435
13.5435
13.5435
13.5435
13.5435
13.5435
13.5435
13.5435
13.5435
13.5435
13.5435
13.5435
13.5435
13.5435
13.5435
13.5435
13.5435
13.4033
13.5435
13.5435
13.5435
13.5435
13.5435
13.5435
13.5435
13.5435
13.5435
13.4033
13.4349
13.5125
13.5435
13.5435
13.5435
13.5435
13.5435
13.5435
13.5435
13.4033
13.4349
13.4349
13.4586
13.4593
13.5125
13.5125
13.5198
13.5203
13.5204
13.4033
13.4093
13.4118
13.4270
13.4349
13.4349
13.4349
13.4394
13.4415
13.4415
13.4033
13.4033
13.4040
13.4093
13.4093
13.4118
13.4118
13.4118
13.4119
13.4156
13.4033
13.4033
13.4033
13.4040
13.4054
13.4054
13.4073
13.4074
13.4079
13.4080
13.3895
13.4014
13.4028
13.4033
13.4033
13.4033
13.4033
13.4033
13.4034
13.4039
13.3858
13.3867
13.3895
13.3895
13.3902
13.4014
13.4014
13.4021
13.4025
13.4028
13.3858
13.3858
13.3860
13.3865
13.3865
13.3867
13.3869
13.3870
13.3895
13.3895
13.3858
13.3858
13.3858
13.3858
13.3860
13.3860
13.3862
13.3863
13.3863
13.3865
13.3858
13.3858
13.3858
13.3858
13.3858
13.3858
13.3858
13.3858
13.3859
13.3860
13.3858
13.3858
13.3858
13.3858
13.3858
13.3858
13.3858
13.3858
13.3858
13.3858
13.2614
13.3858
13.3858
13.3858
13.3858
13.3858
13.3858
13.3858
13.3858
13.3858
13.2614
13.2890
13.3587
13.3858
13.3858
13.3858
13.3858
13.3858
13.3858
13.3858
13.2614
13.2890
13.2890
13.3075
13.3088
13.3587
13.3587
13.3665
13.3666
13.3672
13.2614
13.2741
13.2813
13.2818
13.2890
13.2890
13.2931
13.2969
13.3010
13.3043
13.1786
13.2614
13.2728
13.2741
13.2779
13.2789
13.2792
13.2798
13.2813
13.2818
13.1786
13.1984
13.1990
13.1992
13.2580
13.2600
13.2608
13.2614
13.2655
13.2681
