0 - [ 23  17  26  2  3  28  21  8  7  18  ]
1 - [ 23  30  31  38  42  17  32  33  40  3  ]
2 - [ 23  52  30  54  53  31  56  72  61  55  ]
3 - [ 23  73  74  84  30  52  75  76  77  78  ]
4 - [ 100  98  23  102  99  101  73  112  109  104  ]
5 - [ 100  122  131  123  136  138  142  23  98  126  ]
6 - [ 147  100  122  145  131  149  150  161  158  146  ]
7 - [ 147  173  171  100  122  169  145  175  180  174  ]
8 - [ 147  191  173  193  198  196  100  171  122  195  ]
9 - [ 212  147  213  191  215  216  218  173  221  193  ]
10 - [ 240  212  147  213  237  238  243  191  241  215  ]
11 - [ 262  238  213  240  275  271  268  264  274  272  ]
12 - [ 285  297  301  262  271  304  274  293  240  264  ]
13 - [ 322  293  308  314  285  271  301  310  312  326  ]
14 - [ 332  330  326  340  310  346  333  350  285  301  ]
15 - [ 346  357  350  360  326  356  285  372  332  366  ]
16 - [ 378  366  391  381  376  357  360  346  326  372  ]
17 - [ 414  415  412  357  372  366  405  406  360  376  ]
18 - [ 430  435  424  428  366  360  431  412  414  357  ]
19 - [ 435  430  445  443  459  450  449  458  444  446  ]
20 - [ 430  465  435  466  473  467  472  474  443  445  ]
21 - [ 486  491  465  430  435  489  494  466  495  492  ]
22 - [ 486  509  510  518  523  525  512  430  465  520  ]
23 - [ 486  532  535  509  534  536  544  538  537  543  ]
24 - [ 486  553  554  567  566  555  557  532  559  561  ]
25 - [ 486  553  582  554  578  580  583  567  593  584  ]
26 - [ 598  600  486  601  553  619  554  582  605  578  ]
27 - [ 598  625  637  645  636  626  644  639  648  627  ]
28 - [ 598  654  657  649  653  656  659  625  637  655  ]
29 - [ 598  681  670  688  654  657  673  683  693  675  ]
30 - [ 710  704  700  598  694  716  696  681  703  707  ]
31 - [ 710  717  720  725  719  724  718  704  728  700  ]
32 - [ 710  742  743  744  717  720  747  725  748  750  ]
33 - [ 766  710  742  767  768  743  777  785  770  769  ]
34 - [ 798  809  766  710  789  742  794  795  767  792  ]
35 - [ 798  813  821  835  814  820  834  836  827  815  ]
36 - [ 857  798  838  839  840  813  821  842  835  843  ]
37 - [ 861  860  857  862  798  866  865  838  863  875  ]
38 - [ 884  861  883  860  857  891  886  888  890  862  ]
39 - [ 884  906  911  861  909  916  908  883  910  912  ]
40 - [ 884  906  930  911  932  938  934  909  861  916  ]
41 - [ 884  950  951  906  953  955  930  956  969  959  ]
42 - [ 993  884  975  950  951  977  906  983  978  953  ]
43 - [ 1001  1017  993  1000  1004  1003  975  884  1002  950  ]
44 - [ 1001  1025  1017  993  1000  1035  1034  1026  1028  1030  ]
45 - [ 1025  1049  1001  1048  1050  1017  1054  1053  993  1000  ]
46 - [ 1072  1086  1075  1001  1077  1074  1049  1025  1079  1048  ]
47 - [ 1110  1094  1072  1086  1096  1104  1106  1102  1049  1108  ]
48 - [ 1110  1121  1116  1117  1120  1094  1072  1118  1129  1131  ]
49 - [ 1110  1138  1140  1121  1141  1116  1142  1147  1158  1150  ]
50 - [ 1159  1110  1160  1138  1121  1140  1141  1116  1161  1165  ]
51 - [ 1159  1110  1184  1182  1186  1160  1183  1201  1187  1203  ]
52 - [ 1215  1222  1110  1159  1184  1206  1182  1210  1208  1211  ]
53 - [ 1225  1215  1247  1227  1222  1242  1228  1159  1231  1110  ]
54 - [ 1225  1268  1248  1215  1253  1250  1252  1247  1256  1257  ]
55 - [ 1225  1272  1268  1248  1276  1274  1215  1253  1278  1284  ]
56 - [ 1225  1294  1272  1268  1298  1296  1248  1303  1276  1300  ]
57 - [ 1225  1317  1294  1318  1320  1272  1322  1329  1268  1327  ]
58 - [ 1343  1225  1340  1341  1294  1317  1322  1318  1272  1354  ]
59 - [ 1317  1340  1373  1375  1225  1341  1294  1366  1371  1364  ]
60 - [ 1391  1389  1387  1375  1371  1294  1373  1395  1401  1225  ]
61 - [ 1415  1412  1387  1410  1371  1225  1373  1395  1427  1294  ]
62 - [ 1450  1444  1415  1371  1395  1434  1387  1373  1446  1225  ]
63 - [ 1454  1371  1395  1468  1464  1225  1471  1452  1473  1415  ]
64 - [ 1454  1475  1476  1477  1484  1415  1478  1225  1468  1489  ]
65 - [ 1454  1500  1475  1501  1498  1499  1476  1502  1519  1503  ]
66 - [ 1454  1500  1527  1475  1525  1524  1528  1532  1526  1501  ]
67 - [ 1549  1454  1550  1500  1560  1559  1475  1553  1525  1557  ]
68 - [ 1588  1578  1572  1582  1549  1454  1574  1550  1500  1586  ]
69 - [ 1588  1596  1597  1619  1618  1598  1578  1599  1606  1572  ]
70 - [ 1623  1588  1596  1622  1620  1597  1637  1640  1635  1619  ]
71 - [ 1623  1657  1641  1661  1588  1645  1596  1646  1643  1650  ]
72 - [ 1682  1663  1665  1623  1662  1681  1685  1657  1641  1667  ]
73 - [ 1682  1686  1688  1663  1690  1694  1665  1692  1623  1662  ]
74 - [ 1682  1686  1707  1709  1688  1711  1663  1713  1719  1690  ]
75 - [ 1682  1728  1686  1732  1707  1730  1733  1709  1735  1737  ]
76 - [ 1682  1750  1728  1752  1757  1707  1732  1686  1755  1759  ]
77 - [ 1682  1772  1771  1750  1775  1774  1777  1728  1752  1779  ]
78 - [ 1682  1796  1772  1800  1771  1802  1775  1750  1798  1804  ]
79 - [ 1682  1796  1818  1821  1820  1772  1823  1771  1800  1828  ]
80 - [ 1682  1844  1845  1818  1842  1796  1847  1821  1849  1853  ]
81 - [ 1682  1796  1845  1842  1873  1867  1877  1870  1875  1847  ]
82 - [ 1901  1887  1682  1896  1796  1892  1867  1904  1842  1899  ]
83 - [ 1901  1911  1912  1682  1887  1896  1904  1924  1892  1842  ]
84 - [ 1901  1911  1937  1939  1957  1938  1912  1956  1941  1940  ]
85 - [ 1901  1960  1964  1963  1937  1911  1962  1969  1966  1974  ]
86 - [ 1985  1901  1986  1987  1960  1964  1997  1989  1995  1990  ]
87 - [ 1985  1901  2010  1986  2015  2017  2008  2011  2018  2013  ]
88 - [ 2038  2043  2036  2034  1985  1901  2037  2010  2032  2040  ]
89 - [ 2070  2064  2056  2038  2059  2058  2043  2078  2061  2036  ]
90 - [ 2079  2070  2080  2101  2085  2064  2093  2083  2056  2038  ]
91 - [ 2106  2079  2070  2105  2108  2080  2110  2112  2115  2126  ]
92 - [ 2106  2130  2079  2070  2135  2132  2137  2105  2138  2108  ]
93 - [ 2106  2155  2130  2162  2070  2079  2167  2166  2132  2135  ]
94 - [ 2195  2106  2177  2155  2179  2181  2130  2187  2079  2162  ]
95 - [ 2195  2200  2201  2106  2202  2177  2155  2204  2179  2206  ]
96 - [ 2195  2221  2200  2244  2223  2222  2201  2225  2224  2231  ]
97 - [ 2195  2254  2245  2259  2221  2200  2249  2253  2247  2250  ]
98 - [ 2281  2195  2283  2254  2270  2280  2268  2269  2245  2259  ]
99 - [ 2281  2291  2302  2309  2301  2308  2292  2195  2293  2299  ]
