15.4568	2770.1000	
15.4568	2770.1000	
15.4568	2770.1000	
15.4568	2770.1000	
15.4568	2770.1000	
15.4568	2770.1000	
15.4568	2770.1000	
15.4568	2770.1000	
15.4568	2770.1000	
15.4568	2770.1000	
15.4568	2770.1000	
15.4568	2770.1000	
15.4568	2770.1000	
15.4568	2770.1000	
15.4568	2770.1000	
15.4568	2770.1000	
15.4568	2770.1000	
15.4568	2770.1000	
15.4568	2770.1000	
15.4568	2770.1000	
15.4568	2770.1000	
15.4568	2770.1000	
15.4568	2770.1000	
15.4568	2770.1000	
15.4568	2770.1000	
15.4568	2770.1000	
15.4568	2770.1000	
15.4568	2770.1000	
15.4568	2770.1000	
15.4568	2770.1000	
15.4568	2770.1000	
15.4568	2770.1000	
15.4568	2770.1000	
15.4568	2770.1000	
15.4568	2770.1000	15.2954	2777.1000	
15.4568	2770.1000	15.2954	2777.1000	
15.2954	2777.1000	15.4568	2770.1000	
15.2954	2777.1000	15.4568	2770.1000	
15.2954	2777.1000	15.4568	2770.1000	
15.2954	2777.1000	15.4568	2770.1000	
15.2954	2777.1000	15.4568	2770.1000	
15.4568	2770.1000	15.2954	2777.1000	
15.2954	2777.1000	15.4568	2770.1000	
15.2954	2777.1000	15.4568	2770.1000	
15.4568	2770.1000	15.2954	2777.1000	
15.2954	2777.1000	15.4568	2770.1000	
15.2954	2777.1000	15.4568	2770.1000	
15.4568	2770.1000	15.2954	2777.1000	
15.2954	2777.1000	15.4568	2770.1000	
15.2954	2777.1000	15.4568	2770.1000	
15.2954	2777.1000	15.4568	2770.1000	
15.2954	2777.1000	15.4568	2770.1000	
15.4568	2770.1000	15.2954	2777.1000	
15.4568	2770.1000	15.2954	2777.1000	
15.4568	2770.1000	15.2954	2777.1000	
15.4568	2770.1000	15.2954	2777.1000	
15.2954	2777.1000	15.4568	2770.1000	
15.4568	2770.1000	15.2954	2777.1000	
15.2954	2777.1000	15.4568	2770.1000	
15.4568	2770.1000	15.2954	2777.1000	
15.4568	2770.1000	15.2954	2777.1000	
15.2954	2777.1000	15.4568	2770.1000	
15.4568	2770.1000	15.2954	2777.1000	
15.2954	2777.1000	15.4568	2770.1000	
15.2954	2777.1000	15.4568	2770.1000	
15.4568	2770.1000	15.2954	2777.1000	
15.2954	2777.1000	15.4568	2770.1000	
15.2954	2777.1000	15.4568	2770.1000	
15.4568	2770.1000	15.2954	2777.1000	
15.4568	2770.1000	15.2954	2777.1000	
15.4568	2770.1000	15.2954	2777.1000	
15.4568	2770.1000	15.2954	2777.1000	
15.4568	2770.1000	15.2954	2777.1000	
15.2954	2777.1000	15.4568	2770.1000	
15.4568	2770.1000	15.2954	2777.1000	
15.2954	2777.1000	15.4568	2770.1000	
15.2954	2777.1000	15.4568	2770.1000	
15.4568	2770.1000	15.2954	2777.1000	
15.2954	2777.1000	15.4568	2770.1000	
15.2954	2777.1000	15.4568	2770.1000	
15.4568	2770.1000	15.2954	2777.1000	
15.2954	2777.1000	15.4568	2770.1000	
15.4568	2770.1000	15.2954	2777.1000	
15.2954	2777.1000	15.4568	2770.1000	
15.4568	2770.1000	15.2954	2777.1000	
15.4568	2770.1000	15.2954	2777.1000	
15.2954	2777.1000	15.4568	2770.1000	
15.2954	2777.1000	15.4568	2770.1000	
15.4568	2770.1000	15.2954	2777.1000	
15.4568	2770.1000	15.2954	2777.1000	
15.4568	2770.1000	15.2954	2777.1000	
15.4568	2770.1000	15.2954	2777.1000	
15.4568	2770.1000	15.2954	2777.1000	
15.4568	2770.1000	15.2954	2777.1000	
15.2954	2777.1000	15.4568	2770.1000	
15.4568	2770.1000	15.2954	2777.1000	
15.2954	2777.1000	15.4568	2770.1000	
15.4568	2770.1000	15.2954	2777.1000	
15.4568	2770.1000	15.2954	2777.1000	
15.4568	2770.1000	15.2954	2777.1000	
15.2954	2777.1000	15.4568	2770.1000	
15.4568	2770.1000	15.2954	2777.1000	
15.4568	2770.1000	15.2954	2777.1000	
15.2954	2777.1000	15.4568	2770.1000	
15.4568	2770.1000	15.2954	2777.1000	
15.2954	2777.1000	15.4568	2770.1000	
15.4568	2770.1000	15.2954	2777.1000	
15.4568	2770.1000	15.2954	2777.1000	
15.4568	2770.1000	15.2954	2777.1000	
15.4568	2770.1000	15.2954	2777.1000	
15.4568	2770.1000	15.2954	2777.1000	
15.4568	2770.1000	15.2954	2777.1000	
15.4568	2770.1000	15.2954	2777.1000	
15.4568	2770.1000	15.2954	2777.1000	
15.2954	2777.1000	15.4568	2770.1000	
15.4568	2770.1000	15.2954	2777.1000	
15.4568	2770.1000	15.2954	2777.1000	
15.4568	2770.1000	15.2954	2777.1000	
15.2954	2777.1000	15.4568	2770.1000	
15.4568	2770.1000	15.2954	2777.1000	
15.4568	2770.1000	15.2954	2777.1000	
15.4568	2770.1000	15.2954	2777.1000	
15.2954	2777.1000	15.4568	2770.1000	
15.4568	2770.1000	15.2954	2777.1000	
15.4568	2770.1000	15.2954	2777.1000	
15.2954	2777.1000	15.4568	2770.1000	
15.4568	2770.1000	15.2954	2777.1000	
15.4568	2770.1000	15.2954	2777.1000	
15.2954	2777.1000	15.4568	2770.1000	
15.4568	2770.1000	15.2954	2777.1000	
15.4568	2770.1000	15.2954	2777.1000	
15.4568	2770.1000	15.2954	2777.1000	
15.2954	2777.1000	15.4568	2770.1000	
15.2954	2777.1000	15.4568	2770.1000	
15.2954	2777.1000	15.4568	2770.1000	
15.2954	2777.1000	15.4568	2770.1000	
15.4568	2770.1000	15.2954	2777.1000	
15.4568	2770.1000	14.2060	2883.1000	
14.2060	2883.1000	15.4568	2770.1000	
14.2060	2883.1000	15.4568	2770.1000	
14.2060	2883.1000	15.4568	2770.1000	
14.2060	2883.1000	15.4568	2770.1000	
15.4568	2770.1000	14.2060	2883.1000	
14.2060	2883.1000	15.4568	2770.1000	
15.4568	2770.1000	14.2060	2883.1000	
14.2060	2883.1000	15.4568	2770.1000	
14.2060	2883.1000	15.4568	2770.1000	
14.2060	2883.1000	15.4568	2770.1000	
14.2060	2883.1000	15.4568	2770.1000	
15.4568	2770.1000	14.2060	2883.1000	
15.4568	2770.1000	14.2060	2883.1000	
14.2060	2883.1000	15.4568	2770.1000	
14.2060	2883.1000	15.4568	2770.1000	
15.4568	2770.1000	14.2060	2883.1000	
15.4568	2770.1000	14.2060	2883.1000	
14.2060	2883.1000	15.4568	2770.1000	
15.4568	2770.1000	14.2060	2883.1000	
14.2060	2883.1000	15.4568	2770.1000	
15.4568	2770.1000	14.2060	2883.1000	
15.4568	2770.1000	14.2060	2883.1000	
14.2060	2883.1000	15.4568	2770.1000	
15.4568	2770.1000	14.2060	2883.1000	
14.2060	2883.1000	15.4568	2770.1000	
15.4568	2770.1000	14.2060	2883.1000	
15.4568	2770.1000	14.2060	2883.1000	
15.4568	2770.1000	14.2060	2883.1000	
15.4568	2770.1000	14.2060	2883.1000	
14.2060	2883.1000	15.4568	2770.1000	
15.4568	2770.1000	14.2060	2883.1000	
14.2060	2883.1000	15.2566	2770.1000	
15.2566	2770.1000	14.2060	2883.1000	
14.2060	2883.1000	15.2566	2770.1000	
14.2060	2883.1000	15.2566	2770.1000	
14.2060	2883.1000	15.2566	2770.1000	
14.2060	2883.1000	15.2566	2770.1000	
15.2566	2770.1000	14.2060	2883.1000	
15.2566	2770.1000	14.2060	2883.1000	
15.2566	2770.1000	14.2060	2883.1000	
15.2566	2770.1000	14.2060	2883.1000	
14.2060	2883.1000	15.2566	2770.1000	
15.2566	2770.1000	14.2060	2883.1000	
15.2566	2770.1000	14.2060	2883.1000	
14.2060	2883.1000	15.2566	2770.1000	
14.2060	2883.1000	15.2566	2770.1000	
14.2060	2883.1000	15.2566	2770.1000	
15.2566	2770.1000	14.2060	2883.1000	
15.2566	2770.1000	14.2060	2883.1000	
15.2566	2770.1000	14.2060	2883.1000	
15.2566	2770.1000	14.2060	2883.1000	
14.2060	2883.1000	15.2566	2770.1000	
14.2060	2883.1000	15.2566	2770.1000	
15.2566	2770.1000	14.2060	2883.1000	
15.2566	2770.1000	14.2060	2883.1000	
15.2566	2770.1000	14.2060	2883.1000	
15.2566	2770.1000	14.2060	2883.1000	
15.2566	2770.1000	14.2060	2883.1000	
14.2060	2883.1000	15.2566	2770.1000	
15.2566	2770.1000	14.2060	2883.1000	
15.2566	2770.1000	14.2060	2883.1000	
14.2060	2883.1000	15.2566	2770.1000	
15.2566	2770.1000	14.2060	2883.1000	
14.2060	2883.1000	15.2566	2770.1000	
15.2566	2770.1000	14.2060	2883.1000	
14.2060	2883.1000	15.2566	2770.1000	
15.2566	2770.1000	14.2060	2883.1000	
14.2060	2883.1000	15.2566	2770.1000	
15.2566	2770.1000	14.2060	2883.1000	
15.2566	2770.1000	14.2060	2883.1000	
14.2060	2883.1000	15.2566	2770.1000	
14.2060	2883.1000	15.2566	2770.1000	
14.2060	2883.1000	15.2566	2770.1000	
14.2060	2883.1000	15.2566	2770.1000	
14.2060	2883.1000	15.2566	2770.1000	
14.2060	2883.1000	15.2566	2770.1000	
14.2060	2883.1000	15.2566	2770.1000	
15.2566	2770.1000	14.2060	2883.1000	
15.2566	2770.1000	14.2060	2883.1000	
15.2566	2770.1000	14.2060	2883.1000	
14.2060	2883.1000	15.2566	2770.1000	
15.2566	2770.1000	14.2060	2883.1000	
15.2566	2770.1000	14.2060	2883.1000	
14.2060	2883.1000	15.2566	2770.1000	
14.2060	2883.1000	15.2566	2770.1000	
14.2060	2883.1000	15.2566	2770.1000	
15.2566	2770.1000	14.2060	2883.1000	
15.2566	2770.1000	14.2060	2883.1000	
14.2060	2883.1000	15.2553	2770.1000	
15.2553	2770.1000	14.2060	2883.1000	
15.2553	2770.1000	14.2060	2883.1000	
15.2553	2770.1000	14.2060	2883.1000	
14.2060	2883.1000	15.2553	2770.1000	
14.2060	2883.1000	15.2553	2770.1000	
14.2060	2883.1000	15.2553	2770.1000	
15.2553	2770.1000	14.2060	2883.1000	
15.2553	2770.1000	14.2060	2883.1000	
14.2060	2883.1000	15.2553	2770.1000	
14.2060	2883.1000	15.2553	2770.1000	
15.2553	2770.1000	14.2060	2883.1000	
14.2060	2883.1000	15.2553	2770.1000	
15.2553	2770.1000	14.2060	2883.1000	
15.2553	2770.1000	14.2060	2883.1000	
14.2060	2883.1000	15.2553	2770.1000	
14.2060	2883.1000	15.2553	2770.1000	
14.2060	2883.1000	15.2553	2770.1000	
14.2060	2883.1000	15.2553	2770.1000	
14.2060	2883.1000	15.2553	2770.1000	
15.2553	2770.1000	14.2060	2883.1000	
14.2060	2883.1000	15.2553	2770.1000	
14.2060	2883.1000	15.2553	2770.1000	
15.2553	2770.1000	14.2060	2883.1000	
14.2060	2883.1000	15.2553	2770.1000	
14.2060	2883.1000	15.2553	2770.1000	
15.2553	2770.1000	14.2060	2883.1000	
14.2060	2883.1000	15.2553	2770.1000	
14.2060	2883.1000	15.2553	2770.1000	
15.2553	2770.1000	14.2060	2883.1000	
15.2553	2770.1000	14.2060	2883.1000	
15.2553	2770.1000	14.2060	2883.1000	
15.2553	2770.1000	14.2060	2883.1000	
14.2060	2883.1000	15.2553	2770.1000	
15.2553	2770.1000	14.2060	2883.1000	
15.2553	2770.1000	14.2060	2883.1000	
14.2060	2883.1000	15.2553	2770.1000	
15.2553	2770.1000	14.2060	2883.1000	
15.2553	2770.1000	14.2060	2883.1000	
15.2553	2770.1000	14.2060	2883.1000	
15.2553	2770.1000	14.2060	2883.1000	
14.2060	2883.1000	15.2553	2770.1000	
14.2060	2883.1000	15.2553	2770.1000	
14.2060	2883.1000	15.2553	2770.1000	
14.2060	2883.1000	15.2553	2770.1000	
14.2060	2883.1000	15.2553	2770.1000	
15.2553	2770.1000	14.2060	2883.1000	
14.2060	2883.1000	15.2553	2770.1000	
14.2060	2883.1000	15.2553	2770.1000	
14.2060	2883.1000	15.2553	2770.1000	
15.2553	2770.1000	14.2060	2883.1000	
14.2060	2883.1000	15.2553	2770.1000	
15.2553	2770.1000	14.2060	2883.1000	
15.2553	2770.1000	14.2060	2883.1000	
15.2553	2770.1000	14.2060	2883.1000	
15.2553	2770.1000	14.2060	2883.1000	
14.2060	2883.1000	15.2553	2770.1000	
15.2553	2770.1000	14.2060	2883.1000	
15.2553	2770.1000	14.2060	2883.1000	
15.2553	2770.1000	14.2060	2883.1000	
14.2060	2883.1000	15.2553	2770.1000	
14.2060	2883.1000	15.2553	2770.1000	
15.2553	2770.1000	14.2060	2883.1000	
15.2553	2770.1000	14.2060	2883.1000	
14.2060	2883.1000	15.2553	2770.1000	
14.2060	2883.1000	15.2553	2770.1000	
15.2553	2770.1000	14.2060	2883.1000	
15.2553	2770.1000	14.2060	2883.1000	
15.2553	2770.1000	14.2060	2883.1000	
14.2060	2883.1000	15.2553	2770.1000	
14.2060	2883.1000	15.2553	2770.1000	
15.2553	2770.1000	14.2060	2883.1000	
15.2553	2770.1000	14.2060	2883.1000	
14.2060	2883.1000	15.2553	2770.1000	
15.2553	2770.1000	14.2060	2883.1000	
14.2060	2883.1000	15.2553	2770.1000	
14.2060	2883.1000	15.2553	2770.1000	
14.2060	2883.1000	15.2553	2770.1000	
14.2060	2883.1000	15.2553	2770.1000	
14.2060	2883.1000	15.2553	2770.1000	
14.2060	2883.1000	15.2553	2770.1000	
14.2060	2883.1000	15.2553	2770.1000	
14.2060	2883.1000	15.2553	2770.1000	
14.2060	2883.1000	15.2553	2770.1000	
14.2060	2883.1000	15.2553	2770.1000	
15.2553	2770.1000	14.2060	2883.1000	
14.2060	2883.1000	15.2553	2770.1000	
15.2553	2770.1000	14.2060	2883.1000	
14.2060	2883.1000	15.2553	2770.1000	
15.2553	2770.1000	14.2060	2883.1000	
14.2060	2883.1000	15.2553	2770.1000	
14.2060	2883.1000	15.2553	2770.1000	
14.2060	2883.1000	15.2553	2770.1000	
14.2060	2883.1000	15.2553	2770.1000	
14.2060	2883.1000	15.2553	2770.1000	
15.2553	2770.1000	14.2060	2883.1000	
15.2553	2770.1000	14.2060	2883.1000	
15.2553	2770.1000	14.2060	2883.1000	
15.2553	2770.1000	14.2060	2883.1000	
15.2553	2770.1000	14.2060	2883.1000	
15.2553	2770.1000	14.2060	2883.1000	
15.2553	2770.1000	14.2060	2883.1000	
15.2553	2770.1000	14.2060	2883.1000	
15.2553	2770.1000	14.2060	2883.1000	
14.2060	2883.1000	15.2553	2770.1000	
14.2060	2883.1000	15.2553	2770.1000	
14.2060	2883.1000	15.2553	2770.1000	
15.2553	2770.1000	14.2060	2883.1000	
15.2553	2770.1000	14.2060	2883.1000	
14.2060	2883.1000	15.2553	2770.1000	
15.2553	2770.1000	14.2060	2883.1000	
14.2060	2883.1000	15.2553	2770.1000	
14.2060	2883.1000	15.2553	2770.1000	
14.2060	2883.1000	15.2553	2770.1000	
14.2060	2883.1000	15.2553	2770.1000	
14.2060	2883.1000	15.2553	2770.1000	
14.2060	2883.1000	15.2553	2770.1000	
14.2060	2883.1000	15.2553	2770.1000	
15.2553	2770.1000	14.2060	2883.1000	
14.2060	2883.1000	15.2553	2770.1000	
15.2553	2770.1000	14.2060	2883.1000	
15.2553	2770.1000	14.2060	2883.1000	
14.2060	2883.1000	15.2553	2770.1000	
14.2060	2883.1000	15.2553	2770.1000	
15.2553	2770.1000	14.2060	2883.1000	
15.2553	2770.1000	14.2060	2883.1000	
14.2060	2883.1000	15.2553	2770.1000	
14.2060	2883.1000	15.2553	2770.1000	
14.2060	2883.1000	15.2553	2770.1000	
15.2553	2770.1000	14.2060	2883.1000	
15.2553	2770.1000	14.2060	2883.1000	
15.2553	2770.1000	14.2060	2883.1000	
14.2060	2883.1000	15.2553	2770.1000	
15.2553	2770.1000	14.2060	2883.1000	
14.2060	2883.1000	15.2553	2770.1000	
15.2553	2770.1000	14.2060	2883.1000	
14.2060	2883.1000	15.2553	2770.1000	
15.2553	2770.1000	14.2060	2883.1000	
15.2553	2770.1000	14.2060	2883.1000	
13.6610	2778.1000	
15.4581	2770.1000	
15.4568	2770.1000	
15.4568	2770.1000	
15.4568	2770.1000	
15.4568	2770.1000	
15.4568	2770.1000	
15.4568	2770.1000	
15.4568	2770.1000	
15.4568	2770.1000	
15.4568	2770.1000	
15.4568	2770.1000	
15.4568	2770.1000	
15.4568	2770.1000	
15.4568	2770.1000	
15.4568	2770.1000	
15.4568	2770.1000	
15.4568	2770.1000	
15.4568	2770.1000	
15.4568	2770.1000	
15.4568	2770.1000	
15.4568	2770.1000	
15.4568	2770.1000	
15.2553	2770.1000	
15.2553	2770.1000	
15.2553	2770.1000	
15.2553	2770.1000	
15.2553	2770.1000	
15.2553	2770.1000	
15.2553	2770.1000	
15.2553	2770.1000	
15.2553	2770.1000	
15.2553	2770.1000	
15.2553	2770.1000	
15.2553	2770.1000	
15.2553	2770.1000	
15.2553	2770.1000	
15.2553	2770.1000	
15.2553	2770.1000	
15.2553	2770.1000	
15.2553	2770.1000	
15.2553	2770.1000	
15.2553	2770.1000	
15.2553	2770.1000	
15.2553	2770.1000	
15.2553	2770.1000	
15.2553	2770.1000	
15.2553	2770.1000	
15.2553	2770.1000	
15.2553	2770.1000	
15.2553	2770.1000	
15.2553	2770.1000	
15.2553	2770.1000	
15.2553	2770.1000	
15.2553	2770.1000	
15.2553	2770.1000	
15.2553	2770.1000	
15.2553	2770.1000	
15.2553	2770.1000	
15.2553	2770.1000	
15.2553	2770.1000	
15.2553	2770.1000	
15.2553	2770.1000	
15.2553	2770.1000	
15.2553	2770.1000	
15.2553	2770.1000	
15.2553	2770.1000	
15.2553	2770.1000	
15.2553	2770.1000	
15.2553	2770.1000	
15.2553	2770.1000	
15.2553	2770.1000	
15.2553	2770.1000	
15.2553	2770.1000	
15.2553	2770.1000	
15.2553	2770.1000	
15.2553	2770.1000	
15.2553	2770.1000	
15.2553	2770.1000	
15.2553	2770.1000	
15.2553	2770.1000	
15.2553	2770.1000	
15.2553	2770.1000	
15.2553	2770.1000	
15.2553	2770.1000	
15.2553	2770.1000	
15.2553	2770.1000	
15.2553	2770.1000	
15.2553	2770.1000	
15.2553	2770.1000	
15.2553	2770.1000	
15.2553	2770.1000	
15.2553	2770.1000	
15.2553	2770.1000	
15.2553	2770.1000	
15.2553	2770.1000	
15.2553	2770.1000	
15.2553	2770.1000	
15.2553	2770.1000	
15.2553	2770.1000	
15.2553	2770.1000	
15.2553	2770.1000	
15.2553	2770.1000	
15.2553	2770.1000	
15.2553	2770.1000	
15.2553	2770.1000	
15.2553	2770.1000	
15.2553	2770.1000	
15.2553	2770.1000	
15.2553	2770.1000	
15.2553	2770.1000	
15.2553	2770.1000	
15.2553	2770.1000	
15.2553	2770.1000	
15.2553	2770.1000	
15.2553	2770.1000	
15.2553	2770.1000	
15.2553	2770.1000	
15.2553	2770.1000	
15.2553	2770.1000	
15.2553	2770.1000	
15.2553	2770.1000	
15.2553	2770.1000	
15.2553	2770.1000	
15.2553	2770.1000	
15.2553	2770.1000	
15.2553	2770.1000	
15.2553	2770.1000	
15.2553	2770.1000	
15.2553	2770.1000	
15.2553	2770.1000	
15.2553	2770.1000	
15.2553	2770.1000	
15.2553	2770.1000	
15.1948	3514.1000	
15.1948	3514.1000	15.2566	2770.1000	
14.9726	3030.1000	15.2566	2770.1000	
15.2566	2770.1000	14.9726	3030.1000	
15.2566	2770.1000	14.9726	3030.1000	
14.9726	3030.1000	15.2566	2770.1000	
15.2566	2770.1000	14.9726	3030.1000	
15.2566	2770.1000	14.9726	3030.1000	
15.2566	2770.1000	14.9726	3030.1000	
15.2566	2770.1000	14.9726	3030.1000	
14.9726	3030.1000	15.2566	2770.1000	
15.2566	2770.1000	14.9726	3030.1000	
14.9726	3030.1000	15.2566	2770.1000	
15.2566	2770.1000	14.9726	3030.1000	
15.2566	2770.1000	14.9726	3030.1000	
14.9726	3030.1000	15.2566	2770.1000	
14.9726	3030.1000	15.2566	2770.1000	
15.2566	2770.1000	14.9726	3030.1000	
15.2566	2770.1000	14.9726	3030.1000	
14.9726	3030.1000	15.2566	2770.1000	
15.2566	2770.1000	14.9726	3030.1000	
15.2566	2770.1000	14.9726	3030.1000	
14.9726	3030.1000	15.2566	2770.1000	
15.2566	2770.1000	14.0241	2848.1000	
14.0241	2848.1000	15.2566	2770.1000	
14.0241	2848.1000	15.2566	2770.1000	
15.2566	2770.1000	14.0241	2848.1000	
15.2566	2770.1000	14.0241	2848.1000	
14.0241	2848.1000	15.2566	2770.1000	
14.0241	2848.1000	15.2566	2770.1000	
15.2566	2770.1000	14.0241	2848.1000	
15.2566	2770.1000	14.0241	2848.1000	
15.2566	2770.1000	14.0241	2848.1000	
14.0241	2848.1000	15.2566	2770.1000	
15.2566	2770.1000	14.0241	2848.1000	
14.0241	2848.1000	15.2566	2770.1000	
14.0241	2848.1000	15.2566	2770.1000	
14.0241	2848.1000	15.2566	2770.1000	
14.0241	2848.1000	15.2566	2770.1000	
14.0241	2848.1000	15.2566	2770.1000	
14.0241	2848.1000	15.2566	2770.1000	
14.0241	2848.1000	15.2566	2770.1000	
14.0241	2848.1000	15.2566	2770.1000	
15.2566	2770.1000	14.0241	2848.1000	
14.0241	2848.1000	15.2566	2770.1000	
14.0241	2848.1000	15.2566	2770.1000	
14.0241	2848.1000	15.2566	2770.1000	
14.0241	2848.1000	15.2566	2770.1000	
15.2566	2770.1000	14.0241	2848.1000	
15.2566	2770.1000	14.0241	2848.1000	
15.2566	2770.1000	14.0241	2848.1000	
14.0241	2848.1000	15.2566	2770.1000	
15.2566	2770.1000	14.0241	2848.1000	
14.0241	2848.1000	15.2566	2770.1000	
15.2566	2770.1000	14.0241	2848.1000	
15.2553	2770.1000	14.0241	2848.1000	
15.2553	2770.1000	14.0241	2848.1000	
14.0241	2848.1000	15.2553	2770.1000	
15.2553	2770.1000	14.0241	2848.1000	
15.2553	2770.1000	14.0241	2848.1000	
15.2553	2770.1000	14.0241	2848.1000	
14.0241	2848.1000	15.2553	2770.1000	
15.2553	2770.1000	14.0241	2848.1000	
15.2553	2770.1000	14.0241	2848.1000	
14.0241	2848.1000	15.2553	2770.1000	
14.0241	2848.1000	15.2553	2770.1000	
14.0241	2848.1000	15.2553	2770.1000	
14.0241	2848.1000	15.2553	2770.1000	
14.0241	2848.1000	15.2553	2770.1000	
15.2553	2770.1000	14.0241	2848.1000	
15.2553	2770.1000	14.0241	2848.1000	
14.0241	2848.1000	15.2553	2770.1000	
14.0241	2848.1000	15.2553	2770.1000	
14.0241	2848.1000	15.2553	2770.1000	
14.0241	2848.1000	15.2553	2770.1000	
15.2553	2770.1000	14.0241	2848.1000	
14.0241	2848.1000	15.2553	2770.1000	
15.2553	2770.1000	14.0241	2848.1000	
14.0241	2848.1000	15.2553	2770.1000	
15.2553	2770.1000	14.0241	2848.1000	
15.2553	2770.1000	14.0241	2848.1000	
15.2553	2770.1000	14.0241	2848.1000	
15.2553	2770.1000	14.0241	2848.1000	
14.0241	2848.1000	15.2553	2770.1000	
15.2553	2770.1000	14.0241	2848.1000	
15.2553	2770.1000	14.0241	2848.1000	
14.0241	2848.1000	15.2553	2770.1000	
14.0241	2848.1000	15.2553	2770.1000	
14.0241	2848.1000	15.2553	2770.1000	
14.0241	2848.1000	15.2553	2770.1000	
14.0241	2848.1000	15.2553	2770.1000	
14.0241	2848.1000	15.2553	2770.1000	
15.2553	2770.1000	14.0241	2848.1000	
14.0241	2848.1000	15.2553	2770.1000	
15.2553	2770.1000	14.0241	2848.1000	
15.2553	2770.1000	14.0241	2848.1000	
14.0241	2848.1000	15.2553	2770.1000	
14.0241	2848.1000	15.2553	2770.1000	
15.2553	2770.1000	14.0241	2848.1000	
14.0241	2848.1000	15.2553	2770.1000	
14.0241	2848.1000	15.2553	2770.1000	
15.2553	2770.1000	14.0241	2848.1000	
14.0241	2848.1000	15.2553	2770.1000	
15.2553	2770.1000	14.0241	2848.1000	
14.0241	2848.1000	15.2553	2770.1000	
14.0241	2848.1000	15.2553	2770.1000	
14.0241	2848.1000	15.2553	2770.1000	
14.0241	2848.1000	15.2553	2770.1000	
15.2553	2770.1000	14.0241	2848.1000	
15.2553	2770.1000	14.0241	2848.1000	
14.0241	2848.1000	15.2553	2770.1000	
15.2553	2770.1000	14.0241	2848.1000	
14.0241	2848.1000	15.2553	2770.1000	
15.2553	2770.1000	14.0241	2848.1000	
14.0241	2848.1000	15.2553	2770.1000	
15.2553	2770.1000	14.0241	2848.1000	
15.2553	2770.1000	14.0241	2848.1000	
15.2553	2770.1000	14.0241	2848.1000	
14.0241	2848.1000	15.2553	2770.1000	
15.2553	2770.1000	14.0241	2848.1000	
15.2553	2770.1000	14.0241	2848.1000	
14.0241	2848.1000	15.2553	2770.1000	
14.0241	2848.1000	15.2553	2770.1000	
14.0241	2848.1000	15.2553	2770.1000	
15.2553	2770.1000	14.0241	2848.1000	
15.2553	2770.1000	14.0241	2848.1000	
14.0241	2848.1000	15.2553	2770.1000	
14.0241	2848.1000	15.2553	2770.1000	
14.0241	2848.1000	15.2553	2770.1000	
15.2553	2770.1000	14.0241	2848.1000	
15.2553	2770.1000	14.0241	2848.1000	
15.2553	2770.1000	14.0241	2848.1000	
14.0241	2848.1000	15.2553	2770.1000	
15.2553	2770.1000	14.0241	2848.1000	
15.2553	2770.1000	14.0241	2848.1000	
15.2553	2770.1000	14.0241	2848.1000	
15.2553	2770.1000	14.0241	2848.1000	
14.0241	2848.1000	15.2553	2770.1000	
14.0241	2848.1000	15.2553	2770.1000	
15.2553	2770.1000	14.0241	2848.1000	
15.2553	2770.1000	14.0241	2848.1000	
14.0241	2848.1000	15.2553	2770.1000	
14.0241	2848.1000	15.2553	2770.1000	
14.0241	2848.1000	15.2553	2770.1000	
15.2553	2770.1000	14.0241	2848.1000	
15.2553	2770.1000	14.0241	2848.1000	
14.0241	2848.1000	15.2553	2770.1000	
14.0241	2848.1000	15.2553	2770.1000	
14.0241	2848.1000	15.2553	2770.1000	
14.0241	2848.1000	15.2553	2770.1000	
15.2553	2770.1000	14.0241	2848.1000	
14.0241	2848.1000	15.2553	2770.1000	
14.0241	2848.1000	15.2553	2770.1000	
14.0241	2848.1000	15.2553	2770.1000	
15.2553	2770.1000	14.0241	2848.1000	
14.0241	2848.1000	15.2553	2770.1000	
14.0241	2848.1000	15.2553	2770.1000	
15.2553	2770.1000	14.0241	2848.1000	
15.2553	2770.1000	14.0241	2848.1000	
15.2553	2770.1000	14.0241	2848.1000	
15.2553	2770.1000	14.0241	2848.1000	
15.2553	2770.1000	14.0241	2848.1000	
14.0241	2848.1000	15.2553	2770.1000	
15.2553	2770.1000	14.0241	2848.1000	
14.0241	2848.1000	15.2553	2770.1000	
14.0241	2848.1000	15.2553	2770.1000	
14.0241	2848.1000	15.2553	2770.1000	
14.0241	2848.1000	15.2553	2770.1000	
14.0241	2848.1000	15.2553	2770.1000	
15.2553	2770.1000	14.0241	2848.1000	
15.2553	2770.1000	14.0241	2848.1000	
15.2553	2770.1000	14.0241	2848.1000	
14.0241	2848.1000	15.2553	2770.1000	
15.2553	2770.1000	14.0241	2848.1000	
14.0241	2848.1000	15.2553	2770.1000	
15.2553	2770.1000	14.0241	2848.1000	
14.0241	2848.1000	15.2553	2770.1000	
14.0241	2848.1000	15.2553	2770.1000	
15.2553	2770.1000	14.0241	2848.1000	
15.2553	2770.1000	14.0241	2848.1000	
15.2553	2770.1000	14.0241	2848.1000	
14.0241	2848.1000	15.2553	2770.1000	
15.2553	2770.1000	14.0241	2848.1000	
15.2553	2770.1000	14.0241	2848.1000	
15.2553	2770.1000	14.0241	2848.1000	
14.0241	2848.1000	15.2553	2770.1000	
14.0241	2848.1000	15.2553	2770.1000	
14.0241	2848.1000	15.2553	2770.1000	
15.2553	2770.1000	14.0241	2848.1000	
15.2553	2770.1000	14.0241	2848.1000	
15.2553	2770.1000	14.0241	2848.1000	
15.2553	2770.1000	14.0241	2848.1000	
15.2553	2770.1000	14.0241	2848.1000	
15.2553	2770.1000	14.0241	2848.1000	
14.0241	2848.1000	15.2553	2770.1000	
15.2553	2770.1000	14.0241	2848.1000	
14.0241	2848.1000	15.2553	2770.1000	
15.2553	2770.1000	14.0241	2848.1000	
14.0241	2848.1000	15.2553	2770.1000	
14.0241	2848.1000	15.2553	2770.1000	
14.0241	2848.1000	15.2553	2770.1000	
15.2553	2770.1000	14.0241	2848.1000	
15.2553	2770.1000	14.0241	2848.1000	
15.2553	2770.1000	14.0241	2848.1000	
15.2553	2770.1000	14.0241	2848.1000	
14.0241	2848.1000	15.2553	2770.1000	
15.2553	2770.1000	14.0241	2848.1000	
15.2553	2770.1000	14.0241	2848.1000	
15.2553	2770.1000	14.0241	2848.1000	
14.0241	2848.1000	15.2553	2770.1000	
15.2553	2770.1000	14.0241	2848.1000	
14.0241	2848.1000	15.2553	2770.1000	
15.2553	2770.1000	14.0241	2848.1000	
14.0241	2848.1000	15.2553	2770.1000	
14.0241	2848.1000	15.2553	2770.1000	
14.0241	2848.1000	15.2553	2770.1000	
13.7336	2792.1000	15.2553	2770.1000	
15.2553	2770.1000	13.7336	2792.1000	
15.2553	2770.1000	13.7336	2792.1000	
13.7336	2792.1000	15.2553	2770.1000	
13.7336	2792.1000	15.2553	2770.1000	
13.7336	2792.1000	15.2553	2770.1000	
13.7336	2792.1000	15.2553	2770.1000	
15.2553	2770.1000	13.7336	2792.1000	
15.2553	2770.1000	13.7336	2792.1000	
13.7336	2792.1000	15.2553	2770.1000	
13.7336	2792.1000	15.2553	2770.1000	
13.7336	2792.1000	15.2553	2770.1000	
15.2553	2770.1000	13.7336	2792.1000	
13.7336	2792.1000	15.2553	2770.1000	
15.2553	2770.1000	13.7336	2792.1000	
13.7336	2792.1000	15.2553	2770.1000	
13.7336	2792.1000	15.2553	2770.1000	
15.2553	2770.1000	13.7336	2792.1000	
13.7336	2792.1000	15.2553	2770.1000	
15.2553	2770.1000	13.7336	2792.1000	
15.2553	2770.1000	13.7336	2792.1000	
15.2553	2770.1000	13.7336	2792.1000	
15.2553	2770.1000	13.7336	2792.1000	
13.7336	2792.1000	15.2553	2770.1000	
13.7336	2792.1000	15.2553	2770.1000	
13.7336	2792.1000	15.2553	2770.1000	
15.2553	2770.1000	13.7336	2792.1000	
15.2553	2770.1000	13.7336	2792.1000	
13.7336	2792.1000	15.2553	2770.1000	
15.2553	2770.1000	13.7336	2792.1000	
13.7336	2792.1000	15.2553	2770.1000	
13.7336	2792.1000	15.2553	2770.1000	
13.7336	2792.1000	15.2553	2770.1000	
15.2553	2770.1000	13.7336	2792.1000	
13.7336	2792.1000	15.2553	2770.1000	
13.7336	2792.1000	15.2553	2770.1000	
13.7336	2792.1000	15.2553	2770.1000	
15.2553	2770.1000	13.7336	2792.1000	
13.7336	2792.1000	15.2553	2770.1000	
13.7336	2792.1000	15.2553	2770.1000	
13.7336	2792.1000	15.2553	2770.1000	
13.7336	2792.1000	15.2553	2770.1000	
15.2553	2770.1000	13.7336	2792.1000	
13.7336	2792.1000	15.2553	2770.1000	
13.7336	2792.1000	15.2553	2770.1000	
15.2553	2770.1000	13.7336	2792.1000	
13.7336	2792.1000	15.2553	2770.1000	
13.7336	2792.1000	15.2553	2770.1000	
13.7336	2792.1000	15.2553	2770.1000	
13.7336	2792.1000	15.2553	2770.1000	
13.7336	2792.1000	15.2553	2770.1000	
15.2553	2770.1000	13.7336	2792.1000	
13.7336	2792.1000	15.2553	2770.1000	
13.7336	2792.1000	15.2553	2770.1000	
13.7336	2792.1000	15.2553	2770.1000	
15.2553	2770.1000	13.7336	2792.1000	
13.7336	2792.1000	15.2553	2770.1000	
15.2553	2770.1000	13.7336	2792.1000	
13.7336	2792.1000	15.2553	2770.1000	
13.7336	2792.1000	15.2553	2770.1000	
15.2553	2770.1000	13.7336	2792.1000	
13.7336	2792.1000	15.2553	2770.1000	
15.2553	2770.1000	13.7336	2792.1000	
15.2553	2770.1000	13.7336	2792.1000	
13.7336	2792.1000	15.2553	2770.1000	
13.7336	2792.1000	15.2553	2770.1000	
13.7336	2792.1000	15.2553	2770.1000	
15.2553	2770.1000	13.7336	2792.1000	
15.2553	2770.1000	13.7336	2792.1000	
13.7336	2792.1000	15.2553	2770.1000	
15.2553	2770.1000	13.7336	2792.1000	
13.7336	2792.1000	15.2553	2770.1000	
13.7336	2792.1000	15.2553	2770.1000	
15.2553	2770.1000	13.7336	2792.1000	
15.2553	2770.1000	13.7336	2792.1000	
15.2553	2770.1000	13.7336	2792.1000	
15.2553	2770.1000	13.7336	2792.1000	
13.7336	2792.1000	15.2553	2770.1000	
15.2553	2770.1000	13.7336	2792.1000	
15.2553	2770.1000	13.7336	2792.1000	
13.7336	2792.1000	15.2553	2770.1000	
13.7336	2792.1000	15.2553	2770.1000	
15.2553	2770.1000	13.7336	2792.1000	
13.7336	2792.1000	15.2553	2770.1000	
15.2553	2770.1000	13.7336	2792.1000	
13.7336	2792.1000	15.2553	2770.1000	
13.7336	2792.1000	15.2553	2770.1000	
13.7336	2792.1000	15.2553	2770.1000	
13.7336	2792.1000	15.2553	2770.1000	
13.7336	2792.1000	15.2553	2770.1000	
13.7336	2792.1000	15.2553	2770.1000	
15.2553	2770.1000	13.7336	2792.1000	
13.7336	2792.1000	15.2553	2770.1000	
15.2553	2770.1000	13.7336	2792.1000	
13.7336	2792.1000	15.2553	2770.1000	
13.7336	2792.1000	15.2553	2770.1000	
15.2553	2770.1000	13.7336	2792.1000	
15.2553	2770.1000	13.7336	2792.1000	
13.7336	2792.1000	15.2553	2770.1000	
13.7336	2792.1000	15.2553	2770.1000	
15.2553	2770.1000	13.7336	2792.1000	
15.2553	2770.1000	13.7336	2792.1000	
13.7336	2792.1000	15.2553	2770.1000	
13.7336	2792.1000	15.2553	2770.1000	
13.7336	2792.1000	15.2553	2770.1000	
13.7336	2792.1000	15.2553	2770.1000	
15.2553	2770.1000	13.7336	2792.1000	
15.2553	2770.1000	13.7336	2792.1000	
15.2553	2770.1000	13.7336	2792.1000	
13.7336	2792.1000	15.2553	2770.1000	
13.7336	2792.1000	15.2553	2770.1000	
13.7336	2792.1000	15.2553	2770.1000	
13.7336	2792.1000	15.2553	2770.1000	
15.2553	2770.1000	13.7336	2792.1000	
13.7336	2792.1000	15.2553	2770.1000	
13.7336	2792.1000	15.2553	2770.1000	
15.2553	2770.1000	13.7336	2792.1000	
13.7336	2792.1000	15.2553	2770.1000	
15.2553	2770.1000	13.7336	2792.1000	
15.2553	2770.1000	13.7336	2792.1000	
15.2553	2770.1000	13.7336	2792.1000	
13.7336	2792.1000	15.2553	2770.1000	
13.6248	2771.1000	
13.6248	2771.1000	15.4568	2770.1000	
15.4568	2770.1000	13.6248	2771.1000	
15.4568	2770.1000	13.6248	2771.1000	
13.6248	2771.1000	15.4568	2770.1000	
15.4568	2770.1000	13.6248	2771.1000	
13.6248	2771.1000	15.4568	2770.1000	
15.4568	2770.1000	13.6248	2771.1000	
15.4568	2770.1000	13.6248	2771.1000	
13.6248	2771.1000	15.4568	2770.1000	
15.4568	2770.1000	13.6248	2771.1000	
13.6248	2771.1000	15.4568	2770.1000	
15.4568	2770.1000	13.6248	2771.1000	
15.4568	2770.1000	13.6248	2771.1000	
13.6248	2771.1000	15.4568	2770.1000	
13.6248	2771.1000	15.4568	2770.1000	
13.6248	2771.1000	15.4568	2770.1000	
15.4568	2770.1000	13.6248	2771.1000	
15.4568	2770.1000	13.6248	2771.1000	
15.4568	2770.1000	13.6248	2771.1000	
13.6248	2771.1000	15.4568	2770.1000	
13.6248	2771.1000	15.4568	2770.1000	
13.6248	2771.1000	15.4568	2770.1000	
13.6248	2771.1000	15.4568	2770.1000	
15.4568	2770.1000	13.6248	2771.1000	
15.4568	2770.1000	13.6248	2771.1000	
15.4568	2770.1000	13.6248	2771.1000	
13.6248	2771.1000	15.4568	2770.1000	
13.6248	2771.1000	15.4568	2770.1000	
13.6248	2771.1000	15.4568	2770.1000	
15.4568	2770.1000	13.6248	2771.1000	
15.4568	2770.1000	13.6248	2771.1000	
13.6248	2771.1000	15.4568	2770.1000	
15.4568	2770.1000	13.6248	2771.1000	
15.4568	2770.1000	13.6248	2771.1000	
13.6248	2771.1000	15.4568	2770.1000	
13.6248	2771.1000	15.4568	2770.1000	
13.6248	2771.1000	15.4568	2770.1000	
15.4568	2770.1000	13.6248	2771.1000	
13.6248	2771.1000	15.4568	2770.1000	
13.6248	2771.1000	15.4568	2770.1000	
15.4568	2770.1000	13.6248	2771.1000	
15.4568	2770.1000	13.6248	2771.1000	
13.6248	2771.1000	15.4568	2770.1000	
15.4568	2770.1000	13.6248	2771.1000	
13.6248	2771.1000	15.4568	2770.1000	
15.4568	2770.1000	13.6248	2771.1000	
13.6248	2771.1000	15.4568	2770.1000	
15.4568	2770.1000	13.6248	2771.1000	
15.4568	2770.1000	13.6248	2771.1000	
15.4568	2770.1000	13.6248	2771.1000	
15.4568	2770.1000	13.6248	2771.1000	
15.4568	2770.1000	13.6248	2771.1000	
15.4568	2770.1000	13.6248	2771.1000	
15.4568	2770.1000	13.6248	2771.1000	
13.6248	2771.1000	15.4568	2770.1000	
15.4568	2770.1000	13.6248	2771.1000	
13.6248	2771.1000	15.4568	2770.1000	
13.6248	2771.1000	15.4568	2770.1000	
15.4568	2770.1000	13.6248	2771.1000	
13.6248	2771.1000	15.4568	2770.1000	
15.4568	2770.1000	13.6248	2771.1000	
13.6248	2771.1000	15.4568	2770.1000	
13.6248	2771.1000	15.4568	2770.1000	
13.6248	2771.1000	15.4568	2770.1000	
13.6248	2771.1000	15.4568	2770.1000	
15.4568	2770.1000	13.6248	2771.1000	
13.6248	2771.1000	15.4568	2770.1000	
13.6248	2771.1000	15.4568	2770.1000	
13.6248	2771.1000	15.4568	2770.1000	
13.6248	2771.1000	15.4568	2770.1000	
13.6248	2771.1000	15.4568	2770.1000	
15.4568	2770.1000	13.6248	2771.1000	
13.6248	2771.1000	15.4568	2770.1000	
13.6248	2771.1000	15.4568	2770.1000	
13.6248	2771.1000	15.4568	2770.1000	
15.4568	2770.1000	13.6248	2771.1000	
15.4568	2770.1000	13.6248	2771.1000	
15.4568	2770.1000	13.6248	2771.1000	
13.6248	2771.1000	15.4568	2770.1000	
15.4568	2770.1000	13.6248	2771.1000	
13.6248	2771.1000	15.4568	2770.1000	
15.4568	2770.1000	13.6248	2771.1000	
13.6248	2771.1000	15.4568	2770.1000	
13.6248	2771.1000	15.4568	2770.1000	
15.4568	2770.1000	13.6248	2771.1000	
15.4568	2770.1000	13.6248	2771.1000	
15.4568	2770.1000	13.6248	2771.1000	
15.4568	2770.1000	13.6248	2771.1000	
15.4568	2770.1000	13.6248	2771.1000	
13.6248	2771.1000	15.4568	2770.1000	
15.4568	2770.1000	13.6248	2771.1000	
13.6248	2771.1000	15.4568	2770.1000	
15.4568	2770.1000	13.6248	2771.1000	
13.6248	2771.1000	15.4568	2770.1000	
13.6248	2771.1000	15.2566	2770.1000	
15.2566	2770.1000	13.6248	2771.1000	
13.6248	2771.1000	15.2566	2770.1000	
15.2566	2770.1000	13.6248	2771.1000	
15.2566	2770.1000	13.6248	2771.1000	
13.6248	2771.1000	15.2566	2770.1000	
13.6248	2771.1000	15.2566	2770.1000	
15.2566	2770.1000	13.6248	2771.1000	
15.2566	2770.1000	13.6248	2771.1000	
15.2566	2770.1000	13.6248	2771.1000	
13.6248	2771.1000	15.2566	2770.1000	
15.2566	2770.1000	13.6248	2771.1000	
15.2566	2770.1000	13.6248	2771.1000	
15.2566	2770.1000	13.6248	2771.1000	
13.6248	2771.1000	15.2566	2770.1000	
13.6248	2771.1000	15.2566	2770.1000	
13.6248	2771.1000	15.2566	2770.1000	
13.6248	2771.1000	15.2566	2770.1000	
15.2566	2770.1000	13.6248	2771.1000	
15.2566	2770.1000	13.6248	2771.1000	
15.2566	2770.1000	13.6248	2771.1000	
13.6248	2771.1000	15.2566	2770.1000	
13.6248	2771.1000	15.2566	2770.1000	
15.2566	2770.1000	13.6248	2771.1000	
15.2566	2770.1000	13.6248	2771.1000	
13.6248	2771.1000	15.2566	2770.1000	
15.2566	2770.1000	13.6248	2771.1000	
13.6248	2771.1000	15.2566	2770.1000	
13.6248	2771.1000	15.2566	2770.1000	
15.2566	2770.1000	13.6248	2771.1000	
13.6248	2771.1000	15.2566	2770.1000	
15.2566	2770.1000	13.6248	2771.1000	
15.2566	2770.1000	13.6248	2771.1000	
15.2566	2770.1000	13.6248	2771.1000	
13.6248	2771.1000	15.2566	2770.1000	
15.2566	2770.1000	13.6248	2771.1000	
13.6248	2771.1000	15.2566	2770.1000	
15.2566	2770.1000	13.6248	2771.1000	
15.2566	2770.1000	13.6248	2771.1000	
13.6248	2771.1000	15.2566	2770.1000	
15.2566	2770.1000	13.6248	2771.1000	
15.2566	2770.1000	13.6248	2771.1000	
13.6248	2771.1000	15.2566	2770.1000	
15.2566	2770.1000	13.6248	2771.1000	
15.2566	2770.1000	13.6248	2771.1000	
15.2566	2770.1000	13.6248	2771.1000	
13.6248	2771.1000	15.2566	2770.1000	
13.6248	2771.1000	15.2566	2770.1000	
13.6248	2771.1000	15.2566	2770.1000	
15.2566	2770.1000	13.6248	2771.1000	
15.2566	2770.1000	13.6248	2771.1000	
13.6248	2771.1000	15.2566	2770.1000	
13.6248	2771.1000	15.2566	2770.1000	
13.6248	2771.1000	15.2566	2770.1000	
13.6248	2771.1000	15.2566	2770.1000	
15.2566	2770.1000	13.6248	2771.1000	
15.2566	2770.1000	13.6248	2771.1000	
13.6248	2771.1000	15.2566	2770.1000	
15.2553	2770.1000	13.6248	2771.1000	
13.6248	2771.1000	15.2553	2770.1000	
13.6248	2771.1000	15.2553	2770.1000	
13.6248	2771.1000	15.2553	2770.1000	
13.6248	2771.1000	15.2553	2770.1000	
13.6248	2771.1000	15.2553	2770.1000	
13.6248	2771.1000	15.2553	2770.1000	
13.6248	2771.1000	15.2553	2770.1000	
13.6248	2771.1000	15.2553	2770.1000	
13.6248	2771.1000	15.2553	2770.1000	
