0 - [ 1  ]
1 - [ 1  ]
2 - [ 1  ]
3 - [ 1  ]
4 - [ 1  ]
5 - [ 1  ]
6 - [ 1  ]
7 - [ 1  ]
8 - [ 1  ]
9 - [ 1  ]
10 - [ 1  ]
11 - [ 1  ]
12 - [ 1  ]
13 - [ 1  ]
14 - [ 1  ]
15 - [ 1  ]
16 - [ 1  ]
17 - [ 1  ]
18 - [ 1  ]
19 - [ 1  ]
20 - [ 1  ]
21 - [ 1  ]
22 - [ 1  ]
23 - [ 1  ]
24 - [ 1  ]
25 - [ 1  ]
26 - [ 1  ]
27 - [ 1  ]
28 - [ 1  ]
29 - [ 1  ]
30 - [ 1  ]
31 - [ 1  ]
32 - [ 1  ]
33 - [ 1  ]
34 - [ 1  1503  ]
35 - [ 1  1503  ]
36 - [ 1503  1  ]
37 - [ 1503  1  ]
38 - [ 1503  1  ]
39 - [ 1503  1  ]
40 - [ 1503  1  ]
41 - [ 1  1503  ]
42 - [ 1503  1  ]
43 - [ 1503  1  ]
44 - [ 1  1503  ]
45 - [ 1503  1  ]
46 - [ 1503  1  ]
47 - [ 1  1503  ]
48 - [ 1503  1  ]
49 - [ 1503  1  ]
50 - [ 1503  1  ]
51 - [ 1503  1  ]
52 - [ 1  1503  ]
53 - [ 1  1503  ]
54 - [ 1  1503  ]
55 - [ 1  1503  ]
56 - [ 1503  1  ]
57 - [ 1  1503  ]
58 - [ 1503  1  ]
59 - [ 1  1503  ]
60 - [ 1  1503  ]
61 - [ 1503  1  ]
62 - [ 1  1503  ]
63 - [ 1503  1  ]
64 - [ 1503  1  ]
65 - [ 1  1503  ]
66 - [ 1503  1  ]
67 - [ 1503  1  ]
68 - [ 1  1503  ]
69 - [ 1  1503  ]
70 - [ 1  1503  ]
71 - [ 1  1503  ]
72 - [ 1  1503  ]
73 - [ 1503  1  ]
74 - [ 1  1503  ]
75 - [ 1503  1  ]
76 - [ 1503  1  ]
77 - [ 1  1503  ]
78 - [ 1503  1  ]
79 - [ 1503  1  ]
80 - [ 1  1503  ]
81 - [ 1503  1  ]
82 - [ 1  1503  ]
83 - [ 1503  1  ]
84 - [ 1  1503  ]
85 - [ 1  1503  ]
86 - [ 1503  1  ]
87 - [ 1503  1  ]
88 - [ 1  1503  ]
89 - [ 1  1503  ]
90 - [ 1  1503  ]
91 - [ 1  1503  ]
92 - [ 1  1503  ]
93 - [ 1  1503  ]
94 - [ 1503  1  ]
95 - [ 1  1503  ]
96 - [ 1503  1  ]
97 - [ 1  1503  ]
98 - [ 1  1503  ]
99 - [ 1  1503  ]
100 - [ 1503  1  ]
101 - [ 1  1503  ]
102 - [ 1  1503  ]
103 - [ 1503  1  ]
104 - [ 1  1503  ]
105 - [ 1503  1  ]
106 - [ 1  1503  ]
107 - [ 1  1503  ]
108 - [ 1  1503  ]
109 - [ 1  1503  ]
110 - [ 1  1503  ]
111 - [ 1  1503  ]
112 - [ 1  1503  ]
113 - [ 1  1503  ]
114 - [ 1503  1  ]
115 - [ 1  1503  ]
116 - [ 1  1503  ]
117 - [ 1  1503  ]
118 - [ 1503  1  ]
119 - [ 1  1503  ]
120 - [ 1  1503  ]
121 - [ 1  1503  ]
122 - [ 1503  1  ]
123 - [ 1  1503  ]
124 - [ 1  1503  ]
125 - [ 1503  1  ]
126 - [ 1  1503  ]
127 - [ 1  1503  ]
128 - [ 1503  1  ]
129 - [ 1  1503  ]
130 - [ 1  1503  ]
131 - [ 1  1503  ]
132 - [ 1503  1  ]
133 - [ 1503  1  ]
134 - [ 1503  1  ]
135 - [ 1503  1  ]
136 - [ 1  1503  ]
137 - [ 1  1606  ]
138 - [ 1606  1  ]
139 - [ 1606  1  ]
140 - [ 1606  1  ]
141 - [ 1606  1  ]
142 - [ 1  1606  ]
143 - [ 1606  1  ]
144 - [ 1  1606  ]
145 - [ 1606  1  ]
146 - [ 1606  1  ]
147 - [ 1606  1  ]
148 - [ 1606  1  ]
149 - [ 1  1606  ]
150 - [ 1  1606  ]
151 - [ 1606  1  ]
152 - [ 1606  1  ]
153 - [ 1  1606  ]
154 - [ 1  1606  ]
155 - [ 1606  1  ]
156 - [ 1  1606  ]
157 - [ 1606  1  ]
158 - [ 1  1606  ]
159 - [ 1  1606  ]
160 - [ 1606  1  ]
161 - [ 1  1606  ]
162 - [ 1606  1  ]
163 - [ 1  1606  ]
164 - [ 1  1606  ]
165 - [ 1  1606  ]
166 - [ 1  1606  ]
167 - [ 1606  1  ]
168 - [ 1  1606  ]
169 - [ 1606  1638  ]
170 - [ 1638  1606  ]
171 - [ 1606  1638  ]
172 - [ 1606  1638  ]
173 - [ 1606  1638  ]
174 - [ 1606  1638  ]
175 - [ 1638  1606  ]
176 - [ 1638  1606  ]
177 - [ 1638  1606  ]
178 - [ 1638  1606  ]
179 - [ 1606  1638  ]
180 - [ 1638  1606  ]
181 - [ 1638  1606  ]
182 - [ 1606  1638  ]
183 - [ 1606  1638  ]
184 - [ 1606  1638  ]
185 - [ 1638  1606  ]
186 - [ 1638  1606  ]
187 - [ 1638  1606  ]
188 - [ 1638  1606  ]
189 - [ 1606  1638  ]
190 - [ 1606  1638  ]
191 - [ 1638  1606  ]
192 - [ 1638  1606  ]
193 - [ 1638  1606  ]
194 - [ 1638  1606  ]
195 - [ 1638  1606  ]
196 - [ 1606  1638  ]
197 - [ 1638  1606  ]
198 - [ 1638  1606  ]
199 - [ 1606  1638  ]
200 - [ 1638  1606  ]
201 - [ 1606  1638  ]
202 - [ 1638  1606  ]
203 - [ 1606  1638  ]
204 - [ 1638  1606  ]
205 - [ 1606  1638  ]
206 - [ 1638  1606  ]
207 - [ 1638  1606  ]
208 - [ 1606  1638  ]
209 - [ 1606  1638  ]
210 - [ 1606  1638  ]
211 - [ 1606  1638  ]
212 - [ 1606  1638  ]
213 - [ 1606  1638  ]
214 - [ 1606  1638  ]
215 - [ 1638  1606  ]
216 - [ 1638  1606  ]
217 - [ 1638  1606  ]
218 - [ 1606  1638  ]
219 - [ 1638  1606  ]
220 - [ 1638  1606  ]
221 - [ 1606  1638  ]
222 - [ 1606  1638  ]
223 - [ 1606  1638  ]
224 - [ 1638  1606  ]
225 - [ 1638  1606  ]
226 - [ 1606  1695  ]
227 - [ 1695  1606  ]
228 - [ 1695  1606  ]
229 - [ 1695  1606  ]
230 - [ 1606  1695  ]
231 - [ 1606  1695  ]
232 - [ 1606  1695  ]
233 - [ 1695  1606  ]
234 - [ 1695  1606  ]
235 - [ 1606  1695  ]
236 - [ 1606  1695  ]
237 - [ 1695  1606  ]
238 - [ 1606  1695  ]
239 - [ 1695  1606  ]
240 - [ 1695  1606  ]
241 - [ 1606  1695  ]
242 - [ 1606  1695  ]
243 - [ 1606  1695  ]
244 - [ 1606  1695  ]
245 - [ 1606  1695  ]
246 - [ 1695  1606  ]
247 - [ 1606  1695  ]
248 - [ 1606  1695  ]
249 - [ 1695  1606  ]
250 - [ 1606  1695  ]
251 - [ 1606  1695  ]
252 - [ 1695  1606  ]
253 - [ 1606  1695  ]
254 - [ 1606  1695  ]
255 - [ 1695  1606  ]
256 - [ 1695  1606  ]
257 - [ 1695  1606  ]
258 - [ 1695  1606  ]
259 - [ 1606  1695  ]
260 - [ 1695  1606  ]
261 - [ 1695  1606  ]
262 - [ 1606  1695  ]
263 - [ 1695  1606  ]
264 - [ 1695  1606  ]
265 - [ 1695  1606  ]
266 - [ 1695  1606  ]
267 - [ 1606  1695  ]
268 - [ 1606  1695  ]
269 - [ 1606  1695  ]
270 - [ 1606  1695  ]
271 - [ 1606  1695  ]
272 - [ 1695  1606  ]
273 - [ 1606  1695  ]
274 - [ 1606  1695  ]
275 - [ 1606  1695  ]
276 - [ 1695  1606  ]
277 - [ 1606  1695  ]
278 - [ 1695  1606  ]
279 - [ 1695  1606  ]
280 - [ 1695  1606  ]
281 - [ 1695  1606  ]
282 - [ 1606  1695  ]
283 - [ 1695  1606  ]
284 - [ 1695  1606  ]
285 - [ 1695  1606  ]
286 - [ 1606  1695  ]
287 - [ 1606  1695  ]
288 - [ 1695  1606  ]
289 - [ 1695  1606  ]
290 - [ 1606  1695  ]
291 - [ 1606  1695  ]
292 - [ 1695  1606  ]
293 - [ 1695  1606  ]
294 - [ 1695  1606  ]
295 - [ 1606  1695  ]
296 - [ 1606  1695  ]
297 - [ 1695  1606  ]
298 - [ 1695  1606  ]
299 - [ 1606  1695  ]
300 - [ 1695  1606  ]
301 - [ 1606  1695  ]
302 - [ 1606  1695  ]
303 - [ 1606  1695  ]
304 - [ 1606  1695  ]
305 - [ 1606  1695  ]
306 - [ 1606  1695  ]
307 - [ 1606  1695  ]
308 - [ 1606  1695  ]
309 - [ 1606  1695  ]
310 - [ 1606  1695  ]
311 - [ 1695  1606  ]
312 - [ 1606  1695  ]
313 - [ 1695  1606  ]
314 - [ 1606  1695  ]
315 - [ 1695  1606  ]
316 - [ 1606  1695  ]
317 - [ 1606  1695  ]
318 - [ 1606  1695  ]
319 - [ 1606  1695  ]
320 - [ 1606  1695  ]
321 - [ 1695  1606  ]
322 - [ 1695  1606  ]
323 - [ 1695  1606  ]
324 - [ 1695  1606  ]
325 - [ 1695  1606  ]
326 - [ 1695  1606  ]
327 - [ 1695  1606  ]
328 - [ 1695  1606  ]
329 - [ 1695  1606  ]
330 - [ 1606  1695  ]
331 - [ 1606  1695  ]
332 - [ 1606  1695  ]
333 - [ 1695  1606  ]
334 - [ 1695  1606  ]
335 - [ 1606  1695  ]
336 - [ 1695  1606  ]
337 - [ 1606  1695  ]
338 - [ 1606  1695  ]
339 - [ 1606  1695  ]
340 - [ 1606  1695  ]
341 - [ 1606  1695  ]
342 - [ 1606  1695  ]
343 - [ 1606  1695  ]
344 - [ 1695  1606  ]
345 - [ 1606  1695  ]
346 - [ 1695  1606  ]
347 - [ 1695  1606  ]
348 - [ 1606  1695  ]
349 - [ 1606  1695  ]
350 - [ 1695  1606  ]
351 - [ 1695  1606  ]
352 - [ 1606  1695  ]
353 - [ 1606  1695  ]
354 - [ 1606  1695  ]
355 - [ 1695  1606  ]
356 - [ 1695  1606  ]
357 - [ 1695  1606  ]
358 - [ 1606  1695  ]
359 - [ 1695  1606  ]
360 - [ 1606  1695  ]
361 - [ 1695  1606  ]
362 - [ 1606  1695  ]
363 - [ 1695  1606  ]
364 - [ 1695  1606  ]
365 - [ 1834  ]
366 - [ 366  ]
367 - [ 367  ]
368 - [ 367  ]
369 - [ 367  ]
370 - [ 367  ]
371 - [ 367  ]
372 - [ 367  ]
373 - [ 367  ]
374 - [ 367  ]
375 - [ 367  ]
376 - [ 367  ]
377 - [ 367  ]
378 - [ 367  ]
379 - [ 367  ]
380 - [ 367  ]
381 - [ 367  ]
382 - [ 367  ]
383 - [ 367  ]
384 - [ 367  ]
385 - [ 367  ]
386 - [ 367  ]
387 - [ 367  ]
388 - [ 1857  ]
389 - [ 1857  ]
390 - [ 1857  ]
391 - [ 1857  ]
392 - [ 1857  ]
393 - [ 1857  ]
394 - [ 1857  ]
395 - [ 1857  ]
396 - [ 1857  ]
397 - [ 1857  ]
398 - [ 1857  ]
399 - [ 1857  ]
400 - [ 1857  ]
401 - [ 1857  ]
402 - [ 1857  ]
403 - [ 1857  ]
404 - [ 1857  ]
405 - [ 1857  ]
406 - [ 1857  ]
407 - [ 1857  ]
408 - [ 1857  ]
409 - [ 1857  ]
410 - [ 1857  ]
411 - [ 1857  ]
412 - [ 1857  ]
413 - [ 1857  ]
414 - [ 1857  ]
415 - [ 1857  ]
416 - [ 1857  ]
417 - [ 1857  ]
418 - [ 1857  ]
419 - [ 1857  ]
420 - [ 1857  ]
421 - [ 1857  ]
422 - [ 1857  ]
423 - [ 1857  ]
424 - [ 1857  ]
425 - [ 1857  ]
426 - [ 1857  ]
427 - [ 1857  ]
428 - [ 1857  ]
429 - [ 1857  ]
430 - [ 1857  ]
431 - [ 1857  ]
432 - [ 1857  ]
433 - [ 1857  ]
434 - [ 1857  ]
435 - [ 1857  ]
436 - [ 1857  ]
437 - [ 1857  ]
438 - [ 1857  ]
439 - [ 1857  ]
440 - [ 1857  ]
441 - [ 1857  ]
442 - [ 1857  ]
443 - [ 1857  ]
444 - [ 1857  ]
445 - [ 1857  ]
446 - [ 1857  ]
447 - [ 1857  ]
448 - [ 1857  ]
449 - [ 1857  ]
450 - [ 1857  ]
451 - [ 1857  ]
452 - [ 1857  ]
453 - [ 1857  ]
454 - [ 1857  ]
455 - [ 1857  ]
456 - [ 1857  ]
457 - [ 1857  ]
458 - [ 1857  ]
459 - [ 1857  ]
460 - [ 1857  ]
461 - [ 1857  ]
462 - [ 1857  ]
463 - [ 1857  ]
464 - [ 1857  ]
465 - [ 1857  ]
466 - [ 1857  ]
467 - [ 1857  ]
468 - [ 1857  ]
469 - [ 1857  ]
470 - [ 1857  ]
471 - [ 1857  ]
472 - [ 1857  ]
473 - [ 1857  ]
474 - [ 1857  ]
475 - [ 1857  ]
476 - [ 1857  ]
477 - [ 1857  ]
478 - [ 1857  ]
479 - [ 1857  ]
480 - [ 1857  ]
481 - [ 1857  ]
482 - [ 1857  ]
483 - [ 1857  ]
484 - [ 1857  ]
485 - [ 1857  ]
486 - [ 1857  ]
487 - [ 1857  ]
488 - [ 1857  ]
489 - [ 1857  ]
490 - [ 1857  ]
491 - [ 1857  ]
492 - [ 1857  ]
493 - [ 1857  ]
494 - [ 1857  ]
495 - [ 1857  ]
496 - [ 1857  ]
497 - [ 1857  ]
498 - [ 1857  ]
499 - [ 1968  ]
500 - [ 1968  1969  ]
501 - [ 1970  1969  ]
502 - [ 1969  1970  ]
503 - [ 1969  1970  ]
504 - [ 1970  1969  ]
505 - [ 1969  1970  ]
506 - [ 1969  1970  ]
507 - [ 1969  1970  ]
508 - [ 1969  1970  ]
509 - [ 1970  1969  ]
510 - [ 1969  1970  ]
511 - [ 1970  1969  ]
512 - [ 1969  1970  ]
513 - [ 1969  1970  ]
514 - [ 1970  1969  ]
515 - [ 1970  1969  ]
516 - [ 1969  1970  ]
517 - [ 1969  1970  ]
518 - [ 1970  1969  ]
519 - [ 1969  1970  ]
520 - [ 1969  1970  ]
521 - [ 1970  1969  ]
522 - [ 1969  1991  ]
523 - [ 1991  1969  ]
524 - [ 1991  1969  ]
525 - [ 1969  1991  ]
526 - [ 1969  1991  ]
527 - [ 1991  1969  ]
528 - [ 1991  1969  ]
529 - [ 1969  1991  ]
530 - [ 1969  1991  ]
531 - [ 1969  1991  ]
532 - [ 1991  1969  ]
533 - [ 1969  1991  ]
534 - [ 1991  1969  ]
535 - [ 1991  1969  ]
536 - [ 1991  1969  ]
537 - [ 1991  1969  ]
538 - [ 1991  1969  ]
539 - [ 1991  1969  ]
540 - [ 1991  1969  ]
541 - [ 1991  1969  ]
542 - [ 1969  1991  ]
543 - [ 1991  1969  ]
544 - [ 1991  1969  ]
545 - [ 1991  1969  ]
546 - [ 1991  1969  ]
547 - [ 1969  1991  ]
548 - [ 1969  1991  ]
549 - [ 1969  1991  ]
550 - [ 1991  1969  ]
551 - [ 1969  1991  ]
552 - [ 1991  1969  ]
553 - [ 1969  1991  ]
554 - [ 2023  1991  ]
555 - [ 2023  1991  ]
556 - [ 1991  2023  ]
557 - [ 2023  1991  ]
558 - [ 2023  1991  ]
559 - [ 2023  1991  ]
560 - [ 1991  2023  ]
561 - [ 2023  1991  ]
562 - [ 2023  1991  ]
563 - [ 1991  2023  ]
564 - [ 1991  2023  ]
565 - [ 1991  2023  ]
566 - [ 1991  2023  ]
567 - [ 1991  2023  ]
568 - [ 2023  1991  ]
569 - [ 2023  1991  ]
570 - [ 1991  2023  ]
571 - [ 1991  2023  ]
572 - [ 1991  2023  ]
573 - [ 1991  2023  ]
574 - [ 2023  1991  ]
575 - [ 1991  2023  ]
576 - [ 2023  1991  ]
577 - [ 1991  2023  ]
578 - [ 2023  1991  ]
579 - [ 2023  1991  ]
580 - [ 2023  1991  ]
581 - [ 2023  1991  ]
582 - [ 1991  2023  ]
583 - [ 2023  1991  ]
584 - [ 2023  1991  ]
585 - [ 1991  2023  ]
586 - [ 1991  2023  ]
587 - [ 1991  2023  ]
588 - [ 1991  2023  ]
589 - [ 1991  2023  ]
590 - [ 1991  2023  ]
591 - [ 2023  1991  ]
592 - [ 1991  2023  ]
593 - [ 2023  1991  ]
594 - [ 2023  1991  ]
595 - [ 1991  2023  ]
596 - [ 1991  2023  ]
597 - [ 2023  1991  ]
598 - [ 1991  2023  ]
599 - [ 1991  2023  ]
600 - [ 2023  1991  ]
601 - [ 1991  2023  ]
602 - [ 2023  1991  ]
603 - [ 1991  2023  ]
604 - [ 1991  2023  ]
605 - [ 1991  2023  ]
606 - [ 1991  2023  ]
607 - [ 2023  1991  ]
608 - [ 2023  1991  ]
609 - [ 1991  2023  ]
610 - [ 2023  1991  ]
611 - [ 1991  2023  ]
612 - [ 2023  1991  ]
613 - [ 1991  2023  ]
614 - [ 2023  1991  ]
615 - [ 2023  1991  ]
616 - [ 2023  1991  ]
617 - [ 1991  2023  ]
618 - [ 2023  1991  ]
619 - [ 2023  1991  ]
620 - [ 1991  2023  ]
621 - [ 1991  2023  ]
622 - [ 1991  2023  ]
623 - [ 2023  1991  ]
624 - [ 2023  1991  ]
625 - [ 1991  2023  ]
626 - [ 1991  2023  ]
627 - [ 1991  2023  ]
628 - [ 2023  1991  ]
629 - [ 2023  1991  ]
630 - [ 2023  1991  ]
631 - [ 1991  2023  ]
632 - [ 2023  1991  ]
633 - [ 2023  1991  ]
634 - [ 2023  1991  ]
635 - [ 2023  1991  ]
636 - [ 1991  2023  ]
637 - [ 1991  2023  ]
638 - [ 2023  1991  ]
639 - [ 2023  1991  ]
640 - [ 1991  2023  ]
641 - [ 1991  2023  ]
642 - [ 1991  2023  ]
643 - [ 2023  1991  ]
644 - [ 2023  1991  ]
645 - [ 1991  2023  ]
646 - [ 1991  2023  ]
647 - [ 1991  2023  ]
648 - [ 1991  2023  ]
649 - [ 2023  1991  ]
650 - [ 1991  2023  ]
651 - [ 1991  2023  ]
652 - [ 1991  2023  ]
653 - [ 2023  1991  ]
654 - [ 1991  2023  ]
655 - [ 1991  2023  ]
656 - [ 2023  1991  ]
657 - [ 2023  1991  ]
658 - [ 2023  1991  ]
659 - [ 2023  1991  ]
660 - [ 2023  1991  ]
661 - [ 1991  2023  ]
662 - [ 2023  1991  ]
663 - [ 1991  2023  ]
664 - [ 1991  2023  ]
665 - [ 1991  2023  ]
666 - [ 1991  2023  ]
667 - [ 1991  2023  ]
668 - [ 2023  1991  ]
669 - [ 2023  1991  ]
670 - [ 2023  1991  ]
671 - [ 1991  2023  ]
672 - [ 2023  1991  ]
673 - [ 1991  2023  ]
674 - [ 2023  1991  ]
675 - [ 1991  2023  ]
676 - [ 1991  2023  ]
677 - [ 2023  1991  ]
678 - [ 2023  1991  ]
679 - [ 2023  1991  ]
680 - [ 1991  2023  ]
681 - [ 2023  1991  ]
682 - [ 2023  1991  ]
683 - [ 2023  1991  ]
684 - [ 1991  2023  ]
685 - [ 1991  2023  ]
686 - [ 1991  2023  ]
687 - [ 2023  1991  ]
688 - [ 2023  1991  ]
689 - [ 2023  1991  ]
690 - [ 2023  1991  ]
691 - [ 2023  1991  ]
692 - [ 2023  1991  ]
693 - [ 1991  2023  ]
694 - [ 2023  1991  ]
695 - [ 1991  2023  ]
696 - [ 2023  1991  ]
697 - [ 1991  2023  ]
698 - [ 1991  2023  ]
699 - [ 1991  2023  ]
700 - [ 2023  1991  ]
701 - [ 2023  1991  ]
702 - [ 2023  1991  ]
703 - [ 2023  1991  ]
704 - [ 1991  2023  ]
705 - [ 2023  1991  ]
706 - [ 2023  1991  ]
707 - [ 2023  1991  ]
708 - [ 1991  2023  ]
709 - [ 2023  1991  ]
710 - [ 1991  2023  ]
711 - [ 2023  1991  ]
712 - [ 1991  2023  ]
713 - [ 1991  2023  ]
714 - [ 1991  2023  ]
715 - [ 2184  2023  ]
716 - [ 2023  2184  ]
717 - [ 2023  2184  ]
718 - [ 2184  2023  ]
719 - [ 2184  2023  ]
720 - [ 2184  2023  ]
721 - [ 2184  2023  ]
722 - [ 2023  2184  ]
723 - [ 2023  2184  ]
724 - [ 2184  2023  ]
725 - [ 2184  2023  ]
726 - [ 2184  2023  ]
727 - [ 2023  2184  ]
728 - [ 2184  2023  ]
729 - [ 2023  2184  ]
730 - [ 2184  2023  ]
731 - [ 2184  2023  ]
732 - [ 2023  2184  ]
733 - [ 2184  2023  ]
734 - [ 2023  2184  ]
735 - [ 2023  2184  ]
736 - [ 2023  2184  ]
737 - [ 2023  2184  ]
738 - [ 2184  2023  ]
739 - [ 2184  2023  ]
740 - [ 2184  2023  ]
741 - [ 2023  2184  ]
742 - [ 2023  2184  ]
743 - [ 2184  2023  ]
744 - [ 2023  2184  ]
745 - [ 2184  2023  ]
746 - [ 2184  2023  ]
747 - [ 2184  2023  ]
748 - [ 2023  2184  ]
749 - [ 2184  2023  ]
750 - [ 2184  2023  ]
751 - [ 2184  2023  ]
752 - [ 2023  2184  ]
753 - [ 2184  2023  ]
754 - [ 2184  2023  ]
755 - [ 2184  2023  ]
756 - [ 2184  2023  ]
757 - [ 2023  2184  ]
758 - [ 2184  2023  ]
759 - [ 2184  2023  ]
760 - [ 2023  2184  ]
761 - [ 2184  2023  ]
762 - [ 2184  2023  ]
763 - [ 2184  2023  ]
764 - [ 2184  2023  ]
765 - [ 2184  2023  ]
766 - [ 2023  2184  ]
767 - [ 2184  2023  ]
768 - [ 2184  2023  ]
769 - [ 2184  2023  ]
770 - [ 2023  2184  ]
771 - [ 2184  2023  ]
772 - [ 2023  2184  ]
773 - [ 2184  2023  ]
774 - [ 2184  2023  ]
775 - [ 2023  2184  ]
776 - [ 2184  2023  ]
777 - [ 2023  2184  ]
778 - [ 2023  2184  ]
779 - [ 2184  2023  ]
780 - [ 2184  2023  ]
781 - [ 2184  2023  ]
782 - [ 2023  2184  ]
783 - [ 2023  2184  ]
784 - [ 2184  2023  ]
785 - [ 2023  2184  ]
786 - [ 2184  2023  ]
787 - [ 2184  2023  ]
788 - [ 2023  2184  ]
789 - [ 2023  2184  ]
790 - [ 2023  2184  ]
791 - [ 2023  2184  ]
792 - [ 2184  2023  ]
793 - [ 2023  2184  ]
794 - [ 2023  2184  ]
795 - [ 2184  2023  ]
796 - [ 2184  2023  ]
797 - [ 2023  2184  ]
798 - [ 2184  2023  ]
799 - [ 2023  2184  ]
800 - [ 2184  2023  ]
801 - [ 2184  2023  ]
802 - [ 2184  2023  ]
803 - [ 2184  2023  ]
804 - [ 2184  2023  ]
805 - [ 2184  2023  ]
806 - [ 2023  2184  ]
807 - [ 2184  2023  ]
808 - [ 2023  2184  ]
809 - [ 2184  2023  ]
810 - [ 2184  2023  ]
811 - [ 2023  2184  ]
812 - [ 2023  2184  ]
813 - [ 2184  2023  ]
814 - [ 2184  2023  ]
815 - [ 2023  2184  ]
816 - [ 2023  2184  ]
817 - [ 2184  2023  ]
818 - [ 2184  2023  ]
819 - [ 2184  2023  ]
820 - [ 2184  2023  ]
821 - [ 2023  2184  ]
822 - [ 2023  2184  ]
823 - [ 2023  2184  ]
824 - [ 2184  2023  ]
825 - [ 2184  2023  ]
826 - [ 2184  2023  ]
827 - [ 2184  2023  ]
828 - [ 2023  2184  ]
829 - [ 2184  2023  ]
830 - [ 2184  2023  ]
831 - [ 2023  2184  ]
832 - [ 2184  2023  ]
833 - [ 2023  2184  ]
834 - [ 2023  2184  ]
835 - [ 2023  2184  ]
836 - [ 2184  2023  ]
837 - [ 2306  ]
838 - [ 2306  838  ]
839 - [ 838  2306  ]
840 - [ 838  2306  ]
841 - [ 2306  838  ]
842 - [ 838  2306  ]
843 - [ 2306  838  ]
844 - [ 838  2306  ]
845 - [ 838  2306  ]
846 - [ 2306  838  ]
847 - [ 838  2306  ]
848 - [ 2306  838  ]
849 - [ 838  2306  ]
850 - [ 838  2306  ]
851 - [ 2306  838  ]
852 - [ 2306  838  ]
853 - [ 2306  838  ]
854 - [ 838  2306  ]
855 - [ 838  2306  ]
856 - [ 838  2306  ]
857 - [ 2306  838  ]
858 - [ 2306  838  ]
859 - [ 2306  838  ]
860 - [ 2306  838  ]
861 - [ 838  2306  ]
862 - [ 838  2306  ]
863 - [ 838  2306  ]
864 - [ 2306  838  ]
865 - [ 2306  838  ]
866 - [ 2306  838  ]
867 - [ 838  2306  ]
868 - [ 838  2306  ]
869 - [ 2306  838  ]
870 - [ 838  2306  ]
871 - [ 838  2306  ]
872 - [ 2306  838  ]
873 - [ 2306  838  ]
874 - [ 2306  838  ]
875 - [ 838  2306  ]
876 - [ 2306  838  ]
877 - [ 2306  838  ]
878 - [ 838  2306  ]
879 - [ 838  2306  ]
880 - [ 2306  838  ]
881 - [ 838  2306  ]
882 - [ 2306  838  ]
883 - [ 838  2306  ]
884 - [ 2306  838  ]
885 - [ 838  2306  ]
886 - [ 838  2306  ]
887 - [ 838  2306  ]
888 - [ 838  2306  ]
889 - [ 838  2306  ]
890 - [ 838  2306  ]
891 - [ 838  2306  ]
892 - [ 2306  838  ]
893 - [ 838  2306  ]
894 - [ 2306  838  ]
895 - [ 2306  838  ]
896 - [ 838  2306  ]
897 - [ 2306  838  ]
898 - [ 838  2306  ]
899 - [ 2306  838  ]
900 - [ 2306  838  ]
901 - [ 2306  838  ]
902 - [ 2306  838  ]
903 - [ 838  2306  ]
904 - [ 2306  838  ]
905 - [ 2306  838  ]
906 - [ 2306  838  ]
907 - [ 2306  838  ]
908 - [ 2306  838  ]
909 - [ 838  2306  ]
910 - [ 2306  838  ]
911 - [ 2306  838  ]
912 - [ 2306  838  ]
913 - [ 838  2306  ]
914 - [ 838  2306  ]
915 - [ 838  2306  ]
916 - [ 2306  838  ]
917 - [ 838  2306  ]
918 - [ 2306  838  ]
919 - [ 838  2306  ]
920 - [ 2306  838  ]
921 - [ 2306  838  ]
922 - [ 838  2306  ]
923 - [ 838  2306  ]
924 - [ 838  2306  ]
925 - [ 838  2306  ]
926 - [ 838  2306  ]
927 - [ 2306  838  ]
928 - [ 838  2306  ]
929 - [ 2306  838  ]
930 - [ 838  2306  ]
931 - [ 2306  838  ]
932 - [ 2306  2401  ]
933 - [ 2401  2306  ]
934 - [ 2306  2401  ]
935 - [ 2401  2306  ]
936 - [ 2401  2306  ]
937 - [ 2306  2401  ]
938 - [ 2306  2401  ]
939 - [ 2401  2306  ]
940 - [ 2401  2306  ]
941 - [ 2401  2306  ]
942 - [ 2306  2401  ]
943 - [ 2401  2306  ]
944 - [ 2401  2306  ]
945 - [ 2401  2306  ]
946 - [ 2306  2401  ]
947 - [ 2306  2401  ]
948 - [ 2306  2401  ]
949 - [ 2306  2401  ]
950 - [ 2401  2306  ]
951 - [ 2401  2306  ]
952 - [ 2401  2306  ]
953 - [ 2306  2401  ]
954 - [ 2306  2401  ]
955 - [ 2401  2306  ]
956 - [ 2401  2306  ]
957 - [ 2306  2401  ]
958 - [ 2401  2306  ]
959 - [ 2306  2401  ]
960 - [ 2306  2401  ]
961 - [ 2401  2306  ]
962 - [ 2306  2401  ]
963 - [ 2401  2306  ]
964 - [ 2401  2306  ]
965 - [ 2401  2306  ]
966 - [ 2306  2401  ]
967 - [ 2401  2306  ]
968 - [ 2306  2401  ]
969 - [ 2401  2306  ]
970 - [ 2401  2306  ]
971 - [ 2306  2401  ]
972 - [ 2401  2306  ]
973 - [ 2401  2306  ]
974 - [ 2306  2401  ]
975 - [ 2401  2306  ]
976 - [ 2401  2306  ]
977 - [ 2401  2306  ]
978 - [ 2306  2401  ]
979 - [ 2306  2401  ]
980 - [ 2306  2401  ]
981 - [ 2401  2306  ]
982 - [ 2401  2306  ]
983 - [ 2306  2401  ]
984 - [ 2306  2401  ]
985 - [ 2306  2401  ]
986 - [ 2306  2401  ]
987 - [ 2401  2306  ]
988 - [ 2401  2306  ]
989 - [ 2306  2401  ]
990 - [ 2459  2306  ]
991 - [ 2306  2459  ]
992 - [ 2306  2459  ]
993 - [ 2306  2459  ]
994 - [ 2306  2459  ]
995 - [ 2306  2459  ]
996 - [ 2306  2459  ]
997 - [ 2306  2459  ]
998 - [ 2306  2459  ]
999 - [ 2306  2459  ]
