0 - [ 1  ]
1 - [ 1  ]
2 - [ 1  ]
3 - [ 1  ]
4 - [ 1  ]
5 - [ 1  ]
6 - [ 1  ]
7 - [ 1  ]
8 - [ 1  ]
9 - [ 1  ]
10 - [ 1  ]
11 - [ 1  ]
12 - [ 12  ]
13 - [ 12  ]
14 - [ 12  ]
15 - [ 12  ]
16 - [ 12  ]
17 - [ 1468  ]
18 - [ 1468  ]
19 - [ 1468  ]
20 - [ 1468  ]
21 - [ 1468  ]
22 - [ 1468  ]
23 - [ 1468  ]
24 - [ 1468  ]
25 - [ 1468  ]
26 - [ 1468  ]
27 - [ 1468  ]
28 - [ 1468  ]
29 - [ 1468  ]
30 - [ 1468  ]
31 - [ 1468  ]
32 - [ 1468  ]
33 - [ 1468  ]
34 - [ 1468  ]
35 - [ 1468  ]
36 - [ 1468  ]
37 - [ 1468  ]
38 - [ 1468  ]
39 - [ 1468  ]
40 - [ 1468  ]
41 - [ 1468  ]
42 - [ 1468  ]
43 - [ 1468  ]
44 - [ 1468  ]
45 - [ 1468  ]
46 - [ 1468  ]
47 - [ 1468  1498  ]
48 - [ 1498  1468  ]
49 - [ 1468  1498  ]
50 - [ 1498  1468  ]
51 - [ 1468  1498  ]
52 - [ 1468  1498  ]
53 - [ 1468  1498  ]
54 - [ 1468  1498  ]
55 - [ 1498  1468  ]
56 - [ 1498  1468  ]
57 - [ 1468  1498  ]
58 - [ 1498  1468  ]
59 - [ 1498  1468  ]
60 - [ 1468  1498  ]
61 - [ 1468  1498  ]
62 - [ 1498  1468  ]
63 - [ 1468  1498  ]
64 - [ 1498  1468  ]
65 - [ 1468  1498  ]
66 - [ 1498  1468  ]
67 - [ 1468  1498  ]
68 - [ 1468  1498  ]
69 - [ 1498  1468  ]
70 - [ 1468  1498  ]
71 - [ 1468  1498  ]
72 - [ 1468  1498  ]
73 - [ 1498  1468  ]
74 - [ 1468  1498  ]
75 - [ 1498  1468  ]
76 - [ 1468  1498  ]
77 - [ 1498  1468  ]
78 - [ 1468  1498  ]
79 - [ 1468  1498  ]
80 - [ 1498  1468  ]
81 - [ 1468  1498  ]
82 - [ 1498  1468  ]
83 - [ 1468  1498  ]
84 - [ 1498  1468  ]
85 - [ 1468  1498  ]
86 - [ 1498  1468  ]
87 - [ 1498  1468  ]
88 - [ 1468  1498  ]
89 - [ 1498  1540  ]
90 - [ 1540  1498  ]
91 - [ 1540  1498  ]
92 - [ 1540  1498  ]
93 - [ 1540  1498  ]
94 - [ 1498  1540  ]
95 - [ 1540  1498  ]
96 - [ 1498  1540  ]
97 - [ 1498  1540  ]
98 - [ 1540  1498  ]
99 - [ 1498  1540  ]
100 - [ 1540  1498  ]
101 - [ 1498  1540  ]
102 - [ 1498  1540  ]
103 - [ 1540  1498  ]
104 - [ 1498  1540  ]
105 - [ 1540  1498  ]
106 - [ 1498  1540  ]
107 - [ 1498  1540  ]
108 - [ 1540  1498  ]
109 - [ 1498  1540  ]
110 - [ 1540  1498  ]
111 - [ 1498  1540  ]
112 - [ 1540  1498  ]
113 - [ 1540  1498  ]
114 - [ 1498  1540  ]
115 - [ 1498  1540  ]
116 - [ 1540  1498  ]
117 - [ 1540  1498  ]
118 - [ 1540  1498  ]
119 - [ 1540  1498  ]
120 - [ 1498  1540  ]
121 - [ 1540  1498  ]
122 - [ 1540  1498  ]
123 - [ 1540  1498  ]
124 - [ 1540  1498  ]
125 - [ 1540  1498  ]
126 - [ 1540  1498  ]
127 - [ 1540  1498  ]
128 - [ 1498  1540  ]
129 - [ 1498  1540  ]
130 - [ 1540  1498  ]
131 - [ 1498  1540  ]
132 - [ 1540  1498  ]
133 - [ 1540  1498  ]
134 - [ 1498  1540  ]
135 - [ 1540  1498  ]
136 - [ 1498  1540  ]
137 - [ 1498  1540  ]
138 - [ 1498  1540  ]
139 - [ 1540  1498  ]
140 - [ 1540  1498  ]
141 - [ 1498  1540  ]
142 - [ 1540  1498  ]
143 - [ 1498  1540  ]
144 - [ 1540  1498  ]
145 - [ 1540  1498  ]
146 - [ 1498  1540  ]
147 - [ 1540  1498  ]
148 - [ 1498  1540  ]
149 - [ 1540  1498  ]
150 - [ 1540  1498  ]
151 - [ 1498  1540  ]
152 - [ 1498  1540  ]
153 - [ 1498  1540  ]
154 - [ 1540  1498  ]
155 - [ 1540  1498  ]
156 - [ 1498  1540  ]
157 - [ 1498  1540  ]
158 - [ 1498  1540  ]
159 - [ 1540  1498  ]
160 - [ 1540  1498  ]
161 - [ 1540  1498  ]
162 - [ 1540  1498  ]
163 - [ 1540  1498  ]
164 - [ 1540  1498  ]
165 - [ 1498  1540  ]
166 - [ 1498  1540  ]
167 - [ 1498  1540  ]
168 - [ 1498  1540  ]
169 - [ 1498  1540  ]
170 - [ 1498  1540  ]
171 - [ 1498  1540  ]
172 - [ 1498  1540  ]
173 - [ 1540  1498  ]
174 - [ 1498  1540  ]
175 - [ 1540  1498  ]
176 - [ 1498  1540  ]
177 - [ 1540  1498  ]
178 - [ 1540  1498  ]
179 - [ 1498  1540  ]
180 - [ 1498  1540  ]
181 - [ 1498  1540  ]
182 - [ 1498  1540  ]
183 - [ 1498  1540  ]
184 - [ 1498  1540  ]
185 - [ 1540  1498  ]
186 - [ 1540  1498  ]
187 - [ 1540  1498  ]
188 - [ 1540  1498  ]
189 - [ 1540  1498  ]
190 - [ 1540  1498  ]
191 - [ 1498  1540  ]
192 - [ 1498  1540  ]
193 - [ 1498  1540  ]
194 - [ 1498  1540  ]
195 - [ 1498  1540  ]
196 - [ 1540  1498  ]
197 - [ 1540  1498  ]
198 - [ 1498  1540  ]
199 - [ 1498  1540  ]
200 - [ 1498  1540  ]
201 - [ 1540  1498  ]
202 - [ 1498  1540  ]
203 - [ 1498  1540  ]
204 - [ 1540  1498  ]
205 - [ 1540  1498  ]
206 - [ 1540  1498  ]
207 - [ 1540  1498  ]
208 - [ 1498  1540  ]
209 - [ 1498  1540  ]
210 - [ 1498  1540  ]
211 - [ 1540  1498  ]
212 - [ 1540  1498  ]
213 - [ 1498  1540  ]
214 - [ 1540  1498  ]
215 - [ 1540  1498  ]
216 - [ 1498  1540  ]
217 - [ 1540  1498  ]
218 - [ 1498  1540  ]
219 - [ 1540  1498  ]
220 - [ 1498  1540  ]
221 - [ 1498  1540  ]
222 - [ 1540  1498  ]
223 - [ 1498  1540  ]
224 - [ 1540  1498  ]
225 - [ 1498  1540  ]
226 - [ 1540  1498  ]
227 - [ 1498  1540  ]
228 - [ 1540  1498  ]
229 - [ 1540  1498  ]
230 - [ 1498  1540  ]
231 - [ 1498  1540  ]
232 - [ 1498  1540  ]
233 - [ 1540  1498  ]
234 - [ 1540  1498  ]
235 - [ 1540  1498  ]
236 - [ 1498  1540  ]
237 - [ 1540  1498  ]
238 - [ 1498  1540  ]
239 - [ 1540  1498  ]
240 - [ 1498  1540  ]
241 - [ 1540  1498  ]
242 - [ 1498  1540  ]
243 - [ 1540  1498  ]
244 - [ 1498  1540  ]
245 - [ 1540  1498  ]
246 - [ 1540  1498  ]
247 - [ 1540  1498  ]
248 - [ 1498  1540  ]
249 - [ 1498  1540  ]
250 - [ 1540  1498  ]
251 - [ 1540  1498  ]
252 - [ 1540  1498  ]
253 - [ 1498  1540  ]
254 - [ 1498  1540  ]
255 - [ 1540  1498  ]
256 - [ 1498  1540  ]
257 - [ 1498  1540  ]
258 - [ 1498  1540  ]
259 - [ 1498  1540  ]
260 - [ 1498  1540  ]
261 - [ 1540  1498  ]
262 - [ 1540  1498  ]
263 - [ 1540  1498  ]
264 - [ 1498  1540  ]
265 - [ 1498  1540  ]
266 - [ 1498  1540  ]
267 - [ 1540  1498  ]
268 - [ 1540  1498  ]
269 - [ 1498  1540  ]
270 - [ 1540  1498  ]
271 - [ 1498  1540  ]
272 - [ 1540  1498  ]
273 - [ 1498  1540  ]
274 - [ 1498  1540  ]
275 - [ 1498  1540  ]
276 - [ 1498  1540  ]
277 - [ 1540  1498  ]
278 - [ 1540  1498  ]
279 - [ 1540  1498  ]
280 - [ 1540  1498  ]
281 - [ 1540  1498  ]
282 - [ 1498  1540  ]
283 - [ 1540  1498  ]
284 - [ 1498  1540  ]
285 - [ 1498  1540  ]
286 - [ 1498  1540  ]
287 - [ 1498  1540  ]
288 - [ 1540  1498  ]
289 - [ 1498  1540  ]
290 - [ 1498  1540  ]
291 - [ 1540  1498  ]
292 - [ 1540  1498  ]
293 - [ 1498  1540  ]
294 - [ 1498  1540  ]
295 - [ 1540  1498  ]
296 - [ 1540  1498  ]
297 - [ 1540  1498  ]
298 - [ 1498  1540  ]
299 - [ 1498  1540  ]
300 - [ 1498  1540  ]
301 - [ 1498  1540  ]
302 - [ 1540  1498  ]
303 - [ 1540  1498  ]
304 - [ 1540  1498  ]
305 - [ 1498  1540  ]
306 - [ 1498  1540  ]
307 - [ 1498  1540  ]
308 - [ 1540  1498  ]
309 - [ 1540  1498  ]
310 - [ 1498  1540  ]
311 - [ 1540  1498  ]
312 - [ 1498  1540  ]
313 - [ 1540  1498  ]
314 - [ 1498  1540  ]
315 - [ 1540  1498  ]
316 - [ 1498  1540  ]
317 - [ 1540  1498  ]
318 - [ 1540  1498  ]
319 - [ 1498  1540  ]
320 - [ 1540  1498  ]
321 - [ 1540  1498  ]
322 - [ 1498  1540  ]
323 - [ 1540  1498  ]
324 - [ 1540  1498  ]
325 - [ 1498  1540  ]
326 - [ 1498  1540  ]
327 - [ 1498  1540  ]
328 - [ 1540  1498  ]
329 - [ 1498  1540  ]
330 - [ 1498  1540  ]
331 - [ 1540  1498  ]
332 - [ 1540  1498  ]
333 - [ 1498  1540  ]
334 - [ 1498  1540  ]
335 - [ 1498  1540  ]
336 - [ 1540  1498  ]
337 - [ 1498  1540  ]
338 - [ 1498  1540  ]
339 - [ 1540  1498  ]
340 - [ 1540  1498  ]
341 - [ 1498  1540  ]
342 - [ 1498  1540  ]
343 - [ 1498  1540  ]
344 - [ 1540  1498  ]
345 - [ 1498  1540  ]
346 - [ 1540  1498  ]
347 - [ 1540  1498  ]
348 - [ 1540  1498  ]
349 - [ 1498  1540  ]
350 - [ 1498  1540  ]
351 - [ 1498  1540  ]
352 - [ 1540  1498  ]
353 - [ 1540  1498  ]
354 - [ 1498  1540  ]
355 - [ 1498  1540  ]
356 - [ 1540  1498  ]
357 - [ 1540  1498  ]
358 - [ 1498  1540  ]
359 - [ 1540  1498  ]
360 - [ 1540  1498  ]
361 - [ 1540  1498  ]
362 - [ 1498  1540  ]
363 - [ 1498  1540  ]
364 - [ 1498  1540  ]
365 - [ 1540  1498  ]
366 - [ 1498  1540  ]
367 - [ 1540  1498  ]
368 - [ 1540  1498  ]
369 - [ 1540  1498  ]
370 - [ 1498  1540  ]
371 - [ 1498  1540  ]
372 - [ 1498  1540  ]
373 - [ 1540  1498  ]
374 - [ 1498  1540  ]
375 - [ 1540  1498  ]
376 - [ 1498  1540  ]
377 - [ 1540  1498  ]
378 - [ 1540  1498  ]
379 - [ 1540  1498  ]
380 - [ 1540  1498  ]
381 - [ 1498  1540  ]
382 - [ 1498  1540  ]
383 - [ 1540  1498  ]
384 - [ 1498  1540  ]
385 - [ 1498  1540  ]
386 - [ 1540  1498  ]
387 - [ 1540  1498  ]
388 - [ 1498  1540  ]
389 - [ 1498  1540  ]
390 - [ 1540  1498  ]
391 - [ 1498  1540  ]
392 - [ 1498  1540  ]
393 - [ 1540  1498  ]
394 - [ 1540  1498  ]
395 - [ 1498  1540  ]
396 - [ 1498  1540  ]
397 - [ 1540  1498  ]
398 - [ 1498  1540  ]
399 - [ 1540  1498  ]
400 - [ 1540  1498  ]
401 - [ 1498  1540  ]
402 - [ 1498  1540  ]
403 - [ 1540  1498  ]
404 - [ 1498  1540  ]
405 - [ 1498  1540  ]
406 - [ 1498  1540  ]
407 - [ 1498  1540  ]
408 - [ 1540  1498  ]
409 - [ 1498  1540  ]
410 - [ 1498  1540  ]
411 - [ 1540  1498  ]
412 - [ 1498  1540  ]
413 - [ 1540  1498  ]
414 - [ 1540  1498  ]
415 - [ 1540  1498  ]
416 - [ 1540  1498  ]
417 - [ 1498  1540  ]
418 - [ 1498  1540  ]
419 - [ 1540  1498  ]
420 - [ 1540  1498  ]
421 - [ 1498  1540  ]
422 - [ 1498  1540  ]
423 - [ 1540  1498  ]
424 - [ 1540  1498  ]
425 - [ 1540  1498  ]
426 - [ 1498  1540  ]
427 - [ 1540  1498  ]
428 - [ 1540  1498  ]
429 - [ 1540  1498  ]
430 - [ 1540  1498  ]
431 - [ 1540  1498  ]
432 - [ 1540  1498  ]
433 - [ 1498  1540  ]
434 - [ 1498  1540  ]
435 - [ 1498  1540  ]
436 - [ 1540  1498  ]
437 - [ 1540  1498  ]
438 - [ 1498  1540  ]
439 - [ 1498  1540  ]
440 - [ 1540  1498  ]
441 - [ 1540  1498  ]
442 - [ 1540  1498  ]
443 - [ 1498  1540  ]
444 - [ 1540  1498  ]
445 - [ 1498  1540  ]
446 - [ 1540  1498  ]
447 - [ 1498  1540  ]
448 - [ 1498  1540  ]
449 - [ 1540  1498  ]
450 - [ 1540  1498  ]
451 - [ 1540  1498  ]
452 - [ 1540  1498  ]
453 - [ 1498  1540  ]
454 - [ 1498  1540  ]
455 - [ 1498  1540  ]
456 - [ 1498  1540  ]
457 - [ 1498  1540  ]
458 - [ 1540  1498  ]
459 - [ 1540  1498  ]
460 - [ 1498  1540  ]
461 - [ 1540  1498  ]
462 - [ 1498  1540  ]
463 - [ 1540  1498  ]
464 - [ 1540  1498  ]
465 - [ 1540  1498  ]
466 - [ 1498  1540  ]
467 - [ 1540  1498  ]
468 - [ 1540  1498  ]
469 - [ 1540  1498  ]
470 - [ 1540  1498  ]
471 - [ 1498  1540  ]
472 - [ 1498  1540  ]
473 - [ 1540  1498  ]
474 - [ 1498  1540  ]
475 - [ 1498  1540  ]
476 - [ 1540  1498  ]
477 - [ 1540  1498  ]
478 - [ 1498  1540  ]
479 - [ 1498  1540  ]
480 - [ 1498  1540  ]
481 - [ 1498  1540  ]
482 - [ 1498  1540  ]
483 - [ 1498  1540  ]
484 - [ 1540  1498  ]
485 - [ 1498  1540  ]
486 - [ 1540  1498  ]
487 - [ 1498  1540  ]
488 - [ 1498  1540  ]
489 - [ 1498  1540  ]
490 - [ 1540  1498  ]
491 - [ 1540  1498  ]
492 - [ 1498  1540  ]
493 - [ 1540  1498  ]
494 - [ 1540  1498  ]
495 - [ 1540  1498  ]
496 - [ 1498  1540  ]
497 - [ 1540  1498  ]
498 - [ 1540  1498  ]
499 - [ 1540  1498  ]
500 - [ 1540  1498  ]
501 - [ 1540  1498  ]
502 - [ 1498  1540  ]
503 - [ 1540  1498  ]
504 - [ 1540  1498  ]
505 - [ 1540  1498  ]
506 - [ 1540  1498  ]
507 - [ 1498  1540  ]
508 - [ 1540  1498  ]
509 - [ 1540  1498  ]
510 - [ 1540  1498  ]
511 - [ 1540  1498  ]
512 - [ 1498  1540  ]
513 - [ 1540  1498  ]
514 - [ 1540  1498  ]
515 - [ 1540  1498  ]
516 - [ 1498  1540  ]
517 - [ 1968  ]
518 - [ 1968  ]
519 - [ 1968  ]
520 - [ 1968  ]
521 - [ 1968  ]
522 - [ 1968  ]
523 - [ 1968  ]
524 - [ 1968  ]
525 - [ 1968  ]
526 - [ 1968  ]
527 - [ 1968  ]
528 - [ 1968  ]
529 - [ 1968  ]
530 - [ 1968  ]
531 - [ 1968  ]
532 - [ 1968  ]
533 - [ 1968  ]
534 - [ 1968  ]
535 - [ 1968  ]
536 - [ 1968  ]
537 - [ 1968  ]
538 - [ 1968  ]
539 - [ 1968  ]
540 - [ 1968  ]
541 - [ 1968  ]
542 - [ 1968  ]
543 - [ 1968  ]
544 - [ 1968  ]
545 - [ 1968  ]
546 - [ 1968  ]
547 - [ 1968  ]
548 - [ 1968  ]
549 - [ 1968  ]
550 - [ 1968  ]
551 - [ 1968  ]
552 - [ 1968  ]
553 - [ 1968  ]
554 - [ 1968  ]
555 - [ 1968  ]
556 - [ 1968  ]
557 - [ 1968  ]
558 - [ 1968  ]
559 - [ 1968  ]
560 - [ 1968  ]
561 - [ 1968  ]
562 - [ 1968  ]
563 - [ 1968  ]
564 - [ 1968  ]
565 - [ 1968  ]
566 - [ 1968  ]
567 - [ 1968  ]
568 - [ 1968  ]
569 - [ 1968  ]
570 - [ 1968  ]
571 - [ 1968  ]
572 - [ 1968  ]
573 - [ 1968  ]
574 - [ 1968  ]
575 - [ 1968  ]
576 - [ 1968  ]
577 - [ 1968  ]
578 - [ 1968  ]
579 - [ 1968  ]
580 - [ 1968  ]
581 - [ 1968  ]
582 - [ 1968  ]
583 - [ 1968  ]
584 - [ 1968  ]
585 - [ 1968  ]
586 - [ 1968  ]
587 - [ 1968  ]
588 - [ 1968  ]
589 - [ 1968  ]
590 - [ 1968  ]
591 - [ 1968  ]
592 - [ 1968  ]
593 - [ 1968  ]
594 - [ 1968  ]
595 - [ 1968  ]
596 - [ 1968  ]
597 - [ 1968  ]
598 - [ 1968  ]
599 - [ 1968  ]
600 - [ 1968  ]
601 - [ 1968  ]
602 - [ 1968  ]
603 - [ 1968  ]
604 - [ 1968  ]
605 - [ 1968  ]
606 - [ 1968  ]
607 - [ 1968  ]
608 - [ 1968  ]
609 - [ 1968  ]
610 - [ 1968  ]
611 - [ 1968  ]
612 - [ 1968  ]
613 - [ 1968  ]
614 - [ 1968  ]
615 - [ 1968  ]
616 - [ 1968  ]
617 - [ 1968  ]
618 - [ 1968  ]
619 - [ 1968  ]
620 - [ 1968  ]
621 - [ 1968  ]
622 - [ 1968  ]
623 - [ 1968  ]
624 - [ 1968  ]
625 - [ 1968  ]
626 - [ 1968  ]
627 - [ 1968  ]
628 - [ 1968  ]
629 - [ 1968  ]
630 - [ 1968  ]
631 - [ 1968  ]
632 - [ 1968  ]
633 - [ 1968  ]
634 - [ 1968  ]
635 - [ 1968  ]
636 - [ 1968  ]
637 - [ 1968  ]
638 - [ 1968  ]
639 - [ 1968  ]
640 - [ 1968  ]
641 - [ 1968  ]
642 - [ 1968  ]
643 - [ 1968  ]
644 - [ 1968  ]
645 - [ 1968  ]
646 - [ 1968  ]
647 - [ 1968  ]
648 - [ 1968  ]
649 - [ 1968  ]
650 - [ 1968  ]
651 - [ 1968  ]
652 - [ 1968  ]
653 - [ 1968  ]
654 - [ 1968  ]
655 - [ 1968  ]
656 - [ 1968  ]
657 - [ 1968  ]
658 - [ 1968  ]
659 - [ 1968  ]
660 - [ 1968  ]
661 - [ 1968  ]
662 - [ 1968  ]
663 - [ 1968  ]
664 - [ 1968  ]
665 - [ 1968  ]
666 - [ 1968  ]
667 - [ 1968  ]
668 - [ 1968  ]
669 - [ 1968  ]
670 - [ 1968  ]
671 - [ 1968  ]
672 - [ 1968  ]
673 - [ 1968  ]
674 - [ 1968  ]
675 - [ 1968  ]
676 - [ 1968  ]
677 - [ 1968  ]
678 - [ 1968  ]
679 - [ 1968  ]
680 - [ 1968  ]
681 - [ 1968  ]
682 - [ 1968  ]
683 - [ 1968  ]
684 - [ 1968  ]
685 - [ 1968  ]
686 - [ 1968  ]
687 - [ 1968  ]
688 - [ 1968  ]
689 - [ 1968  ]
690 - [ 1968  ]
691 - [ 1968  ]
692 - [ 1968  ]
693 - [ 1968  ]
694 - [ 1968  ]
695 - [ 1968  ]
696 - [ 1968  ]
697 - [ 1968  ]
698 - [ 1968  ]
699 - [ 1968  ]
700 - [ 1968  ]
701 - [ 1968  ]
702 - [ 1968  ]
703 - [ 1968  ]
704 - [ 1968  ]
705 - [ 1968  ]
706 - [ 1968  ]
707 - [ 1968  ]
708 - [ 1968  ]
709 - [ 1968  ]
710 - [ 1968  ]
711 - [ 1968  ]
712 - [ 1968  ]
713 - [ 1968  ]
714 - [ 1968  ]
715 - [ 1968  ]
716 - [ 1968  ]
717 - [ 1968  ]
718 - [ 1968  ]
719 - [ 1968  ]
720 - [ 1968  ]
721 - [ 1968  ]
722 - [ 1968  ]
723 - [ 1968  ]
724 - [ 1968  ]
725 - [ 1968  ]
726 - [ 1968  ]
727 - [ 1968  ]
728 - [ 1968  ]
729 - [ 1968  ]
730 - [ 1968  ]
731 - [ 1968  ]
732 - [ 1968  ]
733 - [ 1968  ]
734 - [ 1968  ]
735 - [ 1968  ]
736 - [ 1968  ]
737 - [ 1968  ]
738 - [ 1968  ]
739 - [ 1968  ]
740 - [ 1968  ]
741 - [ 1968  ]
742 - [ 1968  ]
743 - [ 1968  ]
744 - [ 1968  ]
745 - [ 1968  ]
746 - [ 1968  ]
747 - [ 1968  ]
748 - [ 1968  ]
749 - [ 1968  ]
750 - [ 1968  ]
751 - [ 1968  ]
752 - [ 1968  ]
753 - [ 1968  ]
754 - [ 1968  ]
755 - [ 1968  ]
756 - [ 1968  ]
757 - [ 1968  ]
758 - [ 1968  ]
759 - [ 1968  ]
760 - [ 1968  ]
761 - [ 1968  ]
762 - [ 1968  ]
763 - [ 1968  ]
764 - [ 1968  ]
765 - [ 1968  ]
766 - [ 1968  ]
767 - [ 1968  ]
768 - [ 1968  ]
769 - [ 1968  ]
770 - [ 1968  ]
771 - [ 1968  ]
772 - [ 1968  ]
773 - [ 1968  ]
774 - [ 1968  ]
775 - [ 1968  ]
776 - [ 1968  ]
777 - [ 1968  ]
778 - [ 1968  ]
779 - [ 1968  ]
780 - [ 1968  ]
781 - [ 1968  ]
782 - [ 1968  ]
783 - [ 1968  ]
784 - [ 1968  ]
785 - [ 1968  ]
786 - [ 1968  ]
787 - [ 1968  ]
788 - [ 1968  ]
789 - [ 1968  ]
790 - [ 1968  ]
791 - [ 1968  ]
792 - [ 1968  ]
793 - [ 1968  ]
794 - [ 1968  ]
795 - [ 1968  ]
796 - [ 1968  ]
797 - [ 1968  ]
798 - [ 1968  ]
799 - [ 1968  ]
800 - [ 1968  ]
801 - [ 1968  ]
802 - [ 1968  ]
803 - [ 1968  ]
804 - [ 1968  ]
805 - [ 1968  ]
806 - [ 1968  ]
807 - [ 1968  ]
808 - [ 1968  ]
809 - [ 1968  ]
810 - [ 1968  ]
811 - [ 1968  ]
812 - [ 1968  ]
813 - [ 1968  ]
814 - [ 1968  ]
815 - [ 1968  ]
816 - [ 1968  ]
817 - [ 1968  ]
818 - [ 1968  ]
819 - [ 1968  ]
820 - [ 1968  ]
821 - [ 1968  ]
822 - [ 1968  ]
823 - [ 1968  ]
824 - [ 1968  ]
825 - [ 1968  ]
826 - [ 1968  ]
827 - [ 1968  ]
828 - [ 1968  ]
829 - [ 1968  ]
830 - [ 1968  ]
831 - [ 1968  ]
832 - [ 1968  ]
833 - [ 1968  ]
834 - [ 1968  ]
835 - [ 1968  ]
836 - [ 1968  ]
837 - [ 1968  ]
838 - [ 1968  ]
839 - [ 1968  ]
840 - [ 1968  ]
841 - [ 1968  ]
842 - [ 1968  ]
843 - [ 1968  ]
844 - [ 1968  ]
845 - [ 1968  ]
846 - [ 1968  ]
847 - [ 1968  ]
848 - [ 1968  ]
849 - [ 1968  ]
850 - [ 1968  ]
851 - [ 1968  ]
852 - [ 1968  ]
853 - [ 1968  ]
854 - [ 1968  ]
855 - [ 1968  ]
856 - [ 1968  ]
857 - [ 1968  ]
858 - [ 1968  ]
859 - [ 1968  ]
860 - [ 1968  ]
861 - [ 1968  ]
862 - [ 1968  ]
863 - [ 1968  ]
864 - [ 1968  ]
865 - [ 1968  ]
866 - [ 1968  ]
867 - [ 1968  ]
868 - [ 1968  ]
869 - [ 1968  ]
870 - [ 1968  ]
871 - [ 1968  ]
872 - [ 1968  ]
873 - [ 1968  ]
874 - [ 1968  ]
875 - [ 1968  ]
876 - [ 1968  ]
877 - [ 1968  ]
878 - [ 1968  ]
879 - [ 1968  ]
880 - [ 1968  ]
881 - [ 1968  ]
882 - [ 1968  ]
883 - [ 1968  ]
884 - [ 1968  ]
885 - [ 1968  ]
886 - [ 1968  ]
887 - [ 1968  ]
888 - [ 1968  ]
889 - [ 1968  ]
890 - [ 1968  ]
891 - [ 1968  ]
892 - [ 1968  ]
893 - [ 1968  ]
894 - [ 1968  ]
895 - [ 1968  ]
896 - [ 1968  ]
897 - [ 1968  ]
898 - [ 1968  ]
899 - [ 1968  ]
900 - [ 1968  ]
901 - [ 1968  ]
902 - [ 1968  ]
903 - [ 1968  ]
904 - [ 1968  ]
905 - [ 1968  ]
906 - [ 1968  ]
907 - [ 1968  ]
908 - [ 1968  ]
909 - [ 1968  ]
910 - [ 1968  ]
911 - [ 1968  ]
912 - [ 1968  ]
913 - [ 1968  ]
914 - [ 1968  ]
915 - [ 1968  ]
916 - [ 1968  ]
917 - [ 1968  ]
918 - [ 1968  ]
919 - [ 1968  ]
920 - [ 1968  ]
921 - [ 1968  ]
922 - [ 1968  ]
923 - [ 1968  ]
924 - [ 1968  ]
925 - [ 1968  ]
926 - [ 1968  ]
927 - [ 1968  ]
928 - [ 1968  ]
929 - [ 1968  ]
930 - [ 1968  ]
931 - [ 1968  ]
932 - [ 1968  ]
933 - [ 1968  ]
934 - [ 1968  ]
935 - [ 1968  ]
936 - [ 1968  ]
937 - [ 1968  ]
938 - [ 1968  ]
939 - [ 1968  ]
940 - [ 1968  ]
941 - [ 1968  ]
942 - [ 1968  ]
943 - [ 1968  ]
944 - [ 1968  ]
945 - [ 1968  ]
946 - [ 1968  ]
947 - [ 1968  ]
948 - [ 1968  ]
949 - [ 1968  ]
950 - [ 1968  ]
951 - [ 1968  ]
952 - [ 1968  ]
953 - [ 1968  ]
954 - [ 1968  ]
955 - [ 1968  ]
956 - [ 1968  ]
957 - [ 1968  ]
958 - [ 1968  ]
959 - [ 1968  ]
960 - [ 1968  ]
961 - [ 1968  ]
962 - [ 1968  ]
963 - [ 1968  ]
964 - [ 1968  ]
965 - [ 1968  ]
966 - [ 1968  ]
967 - [ 1968  ]
968 - [ 1968  ]
969 - [ 1968  ]
970 - [ 1968  ]
971 - [ 1968  ]
972 - [ 1968  ]
973 - [ 1968  ]
974 - [ 1968  ]
975 - [ 1968  ]
976 - [ 1968  ]
977 - [ 1968  ]
978 - [ 1968  ]
979 - [ 1968  ]
980 - [ 1968  ]
981 - [ 1968  ]
982 - [ 1968  ]
983 - [ 1968  ]
984 - [ 1968  ]
985 - [ 1968  ]
986 - [ 1968  ]
987 - [ 1968  ]
988 - [ 1968  ]
989 - [ 1968  ]
990 - [ 1968  ]
991 - [ 1968  ]
992 - [ 1968  ]
993 - [ 1968  ]
994 - [ 1968  ]
995 - [ 1968  ]
996 - [ 1968  ]
997 - [ 1968  ]
998 - [ 1968  ]
999 - [ 1968  ]
