0 - [ 9  5  4  11  12  15  3  14  26  13  ]
1 - [ 50  5  26  36  32  56  35  4  55  11  ]
2 - [ 50  62  36  76  4  75  26  56  55  68  ]
3 - [ 50  62  88  76  107  91  96  26  56  104  ]
4 - [ 62  123  117  120  114  88  115  122  130  128  ]
5 - [ 115  88  114  149  141  123  163  130  117  122  ]
6 - [ 168  163  141  180  117  178  149  114  122  123  ]
7 - [ 168  163  192  197  122  180  203  114  123  141  ]
8 - [ 168  122  141  219  114  229  180  197  226  218  ]
9 - [ 250  263  218  197  180  269  258  246  266  219  ]
10 - [ 278  180  286  295  283  269  293  281  258  219  ]
11 - [ 321  258  278  286  304  319  314  219  316  283  ]
12 - [ 326  345  286  332  314  283  347  219  340  304  ]
13 - [ 363  368  347  356  354  326  283  350  371  361  ]
14 - [ 401  377  347  384  371  361  388  386  326  398  ]
15 - [ 371  422  361  413  384  408  388  326  416  377  ]
16 - [ 388  441  438  416  408  413  430  436  443  433  ]
17 - [ 408  388  458  443  413  468  466  441  482  416  ]
18 - [ 408  443  468  503  497  494  466  441  416  502  ]
19 - [ 443  502  535  524  468  528  503  532  416  494  ]
20 - [ 494  541  549  535  555  528  557  546  524  553  ]
21 - [ 549  586  575  546  524  555  581  578  528  572  ]
22 - [ 593  601  599  549  555  604  591  575  598  612  ]
23 - [ 637  620  591  601  626  641  615  604  629  575  ]
24 - [ 629  637  601  615  654  645  604  656  661  641  ]
25 - [ 656  678  661  604  675  629  637  641  681  645  ]
26 - [ 700  661  681  705  678  715  645  713  604  693  ]
27 - [ 723  713  604  733  718  726  742  729  717  678  ]
28 - [ 758  759  756  717  723  767  678  747  713  742  ]
29 - [ 789  723  713  786  717  780  756  774  767  747  ]
30 - [ 805  800  723  806  808  786  789  780  820  803  ]
31 - [ 789  803  780  800  852  820  805  845  854  851  ]
32 - [ 800  863  871  860  854  852  878  868  845  851  ]
33 - [ 886  883  878  889  906  904  898  871  852  800  ]
34 - [ 800  909  906  920  878  908  933  928  886  915  ]
35 - [ 935  944  951  933  952  956  908  949  906  947  ]
36 - [ 952  984  951  956  906  977  972  933  949  979  ]
37 - [ 1004  972  1007  992  995  906  994  989  998  979  ]
38 - [ 906  992  1012  972  998  1021  1015  994  995  1007  ]
39 - [ 1054  1021  1039  1061  994  1055  995  992  1052  1007  ]
40 - [ 1039  1079  1063  1007  1055  1082  1054  1076  1065  1052  ]
41 - [ 1111  1063  1093  1065  1098  1096  1076  1106  1090  1109  ]
42 - [ 1063  1090  1135  1129  1109  1114  1093  1131  1126  1140  ]
43 - [ 1126  1093  1131  1109  1164  1158  1148  1090  1146  1156  ]
44 - [ 1126  1184  1090  1181  1093  1186  1164  1170  1148  1158  ]
45 - [ 1184  1148  1211  1204  1209  1158  1200  1164  1202  1181  ]
46 - [ 1204  1225  1219  1228  1200  1233  1223  1181  1158  1211  ]
47 - [ 1204  1253  1251  1233  1225  1200  1267  1264  1261  1260  ]
48 - [ 1261  1267  1200  1283  1289  1233  1251  1276  1292  1280  ]
49 - [ 1294  1283  1314  1261  1309  1251  1306  1289  1298  1267  ]
50 - [ 1341  1294  1344  1251  1326  1267  1283  1309  1298  1332  ]
51 - [ 1360  1354  1294  1283  1346  1356  1344  1363  1365  1368  ]
52 - [ 1365  1363  1381  1283  1354  1394  1384  1346  1387  1386  ]
53 - [ 1384  1386  1381  1407  1396  1401  1365  1414  1419  1399  ]
54 - [ 1365  1399  1445  1407  1441  1419  1381  1430  1435  1427  ]
55 - [ 1407  1464  1419  1427  1445  1461  1450  1381  1457  1448  ]
56 - [ 1419  1490  1445  1464  1381  1407  1478  1474  1472  1488  ]
57 - [ 1506  1381  1478  1514  1500  1512  1407  1501  1419  1509  ]
58 - [ 1545  1407  1537  1528  1522  1509  1525  1539  1534  1547  ]
59 - [ 1537  1509  1525  1566  1571  1551  1554  1539  1407  1549  ]
60 - [ 1589  1598  1537  1571  1407  1549  1584  1539  1586  1551  ]
61 - [ 1549  1603  1571  1620  1615  1598  1584  1628  1606  1407  ]
62 - [ 1606  1643  1628  1635  1549  1633  1571  1603  1407  1584  ]
63 - [ 1674  1643  1633  1657  1676  1655  1679  1635  1606  1666  ]
64 - [ 1693  1657  1687  1681  1666  1685  1691  1633  1698  1679  ]
65 - [ 1657  1726  1707  1679  1729  1687  1633  1718  1716  1685  ]
66 - [ 1679  1735  1739  1755  1737  1726  1729  1744  1687  1716  ]
67 - [ 1764  1769  1775  1739  1762  1755  1679  1737  1760  1767  ]
68 - [ 1737  1790  1796  1793  1767  1679  1800  1762  1739  1760  ]
69 - [ 1812  1822  1760  1824  1793  1679  1810  1807  1739  1767  ]
70 - [ 1836  1851  1812  1838  1793  1807  1679  1843  1832  1830  ]
71 - [ 1830  1836  1807  1860  1871  1869  1851  1854  1863  1838  ]
72 - [ 1899  1901  1887  1836  1860  1851  1838  1830  1904  1893  ]
73 - [ 1836  1930  1910  1927  1932  1893  1887  1901  1851  1915  ]
74 - [ 1901  1836  1915  1910  1930  1955  1941  1939  1951  1932  ]
75 - [ 1975  1915  1967  1962  1965  1980  1932  1977  1957  1941  ]
76 - [ 1965  1957  1967  1932  2004  2000  1991  1995  1980  1977  ]
77 - [ 1977  1932  2028  2023  2011  1995  2013  1967  1980  2004  ]
78 - [ 2023  1967  2013  2040  2044  2032  1980  2034  1932  2011  ]
79 - [ 2055  2069  2063  2044  2023  2058  2061  1980  1932  2066  ]
80 - [ 2086  2104  2055  2090  2061  1932  2081  2069  2084  2023  ]
81 - [ 2104  2119  2123  2084  2086  2090  2121  2110  2069  2117  ]
82 - [ 2155  2117  2086  2153  2104  2145  2148  2123  2139  2069  ]
83 - [ 2174  2166  2104  2155  2123  2168  2069  2157  2139  2117  ]
84 - [ 2190  2069  2168  2178  2187  2192  2104  2174  2198  2182  ]
85 - [ 2211  2215  2168  2174  2198  2217  2203  2187  2104  2223  ]
86 - [ 2246  2223  2240  2244  2248  2232  2187  2203  2198  2235  ]
87 - [ 2187  2235  2263  2272  2244  2223  2275  2266  2248  2240  ]
88 - [ 2294  2299  2292  2282  2275  2289  2248  2240  2263  2235  ]
89 - [ 2289  2302  2309  2304  2318  2275  2248  2282  2299  2294  ]
90 - [ 2248  2294  2339  2318  2282  2345  2304  2349  2289  2275  ]
91 - [ 2304  2318  2356  2349  2339  2362  2294  2353  2360  2371  ]
92 - [ 2294  2378  2392  2386  2371  2318  2383  2339  2349  2356  ]
93 - [ 2392  2356  2405  2349  2413  2421  2386  2428  2418  2294  ]
94 - [ 2356  2405  2386  2428  2454  2436  2434  2442  2439  2392  ]
95 - [ 2460  2467  2454  2428  2472  2475  2439  2434  2465  2436  ]
96 - [ 2460  2428  2434  2483  2472  2506  2465  2494  2454  2491  ]
97 - [ 2491  2460  2472  2454  2434  2517  2494  2525  2483  2511  ]
98 - [ 2553  2543  2454  2434  2511  2546  2517  2540  2549  2525  ]
99 - [ 2517  2569  2546  2434  2549  2585  2511  2581  2579  2566  ]
