0 - [ 7  17  8  3  6  1  23  5  10  19  ]
1 - [ 49  52  17  10  34  6  42  5  33  23  ]
2 - [ 49  71  17  65  64  23  84  85  33  34  ]
3 - [ 84  90  99  102  113  49  96  93  23  65  ]
4 - [ 84  113  125  93  123  90  23  131  137  99  ]
5 - [ 143  159  166  113  131  154  93  125  145  90  ]
6 - [ 190  193  184  143  186  196  178  145  181  173  ]
7 - [ 193  210  199  184  190  205  145  217  222  181  ]
8 - [ 232  227  199  237  247  184  249  230  210  190  ]
9 - [ 237  184  275  272  271  232  227  253  249  264  ]
10 - [ 284  300  287  306  264  298  289  227  305  272  ]
11 - [ 308  311  319  284  305  316  306  298  313  314  ]
12 - [ 355  356  347  350  353  344  341  358  313  298  ]
13 - [ 377  358  353  365  298  383  350  374  355  313  ]
14 - [ 395  298  398  383  377  353  355  374  358  409  ]
15 - [ 355  430  383  395  446  377  443  440  425  298  ]
16 - [ 383  470  298  377  468  466  453  456  440  443  ]
17 - [ 473  496  488  440  492  481  483  476  470  490  ]
18 - [ 481  507  492  476  488  473  505  501  440  520  ]
19 - [ 507  547  526  550  520  505  528  501  481  492  ]
20 - [ 565  563  560  547  520  550  528  492  573  501  ]
21 - [ 565  594  588  492  589  550  601  592  584  579  ]
22 - [ 625  589  608  618  594  550  579  592  492  601  ]
23 - [ 650  625  492  608  645  647  592  594  642  636  ]
24 - [ 665  675  679  650  659  656  594  608  668  676  ]
25 - [ 679  703  700  688  702  705  676  650  608  594  ]
26 - [ 731  705  676  715  688  708  718  594  700  702  ]
27 - [ 715  741  736  594  731  750  756  744  734  718  ]
28 - [ 779  741  766  784  744  761  731  750  769  774  ]
29 - [ 806  793  744  769  803  761  790  774  784  766  ]
30 - [ 793  823  821  826  784  829  831  833  803  744  ]
31 - [ 852  859  857  846  803  842  854  833  744  821  ]
32 - [ 857  842  852  874  846  871  744  883  854  821  ]
33 - [ 905  821  874  846  871  852  891  842  857  912  ]
34 - [ 846  938  871  857  935  821  925  932  852  914  ]
35 - [ 938  954  960  871  941  932  957  846  949  914  ]
36 - [ 985  987  941  967  970  914  980  932  846  973  ]
37 - [ 970  1016  967  914  987  1007  995  992  1004  1019  ]
38 - [ 1035  1004  967  1037  987  1033  1016  1028  995  1019  ]
39 - [ 1028  1016  1072  995  1033  1061  1069  987  1004  1058  ]
40 - [ 1092  987  1087  1061  1016  1058  1079  1081  1090  1084  ]
41 - [ 1087  1058  1104  1122  1079  1090  1113  1092  987  1108  ]
42 - [ 1132  987  1104  1146  1128  1079  1113  1090  1108  1139  ]
43 - [ 1172  1146  1139  1162  1128  987  1152  1079  1164  1159  ]
44 - [ 1195  1164  1175  1152  1178  1189  1181  1079  1146  1200  ]
45 - [ 1164  1202  1217  1178  1189  1213  1181  1079  1175  1195  ]
46 - [ 1228  1189  1164  1232  1079  1217  1246  1202  1175  1195  ]
47 - [ 1079  1175  1217  1253  1265  1258  1202  1232  1263  1273  ]
48 - [ 1253  1273  1276  1300  1263  1258  1294  1291  1286  1283  ]
49 - [ 1307  1314  1294  1305  1302  1321  1319  1311  1308  1286  ]
50 - [ 1319  1346  1329  1308  1341  1331  1343  1338  1311  1321  ]
51 - [ 1338  1359  1329  1311  1356  1364  1343  1370  1331  1376  ]
52 - [ 1331  1380  1356  1376  1370  1329  1338  1399  1401  1386  ]
53 - [ 1425  1422  1419  1432  1356  1376  1411  1431  1380  1399  ]
54 - [ 1458  1445  1411  1422  1356  1431  1435  1438  1432  1419  ]
55 - [ 1411  1482  1474  1472  1484  1479  1435  1458  1422  1469  ]
56 - [ 1496  1458  1501  1493  1435  1487  1472  1489  1507  1474  ]
57 - [ 1496  1493  1472  1538  1523  1522  1532  1529  1535  1526  ]
58 - [ 1532  1545  1535  1538  1543  1558  1551  1556  1546  1493  ]
59 - [ 1590  1576  1568  1532  1587  1493  1582  1546  1545  1566  ]
60 - [ 1606  1595  1546  1597  1576  1603  1613  1609  1568  1611  ]
61 - [ 1603  1576  1595  1609  1631  1633  1606  1620  1623  1568  ]
62 - [ 1649  1633  1658  1603  1576  1653  1609  1606  1661  1620  ]
63 - [ 1620  1633  1603  1653  1681  1667  1691  1673  1658  1649  ]
64 - [ 1620  1709  1702  1681  1649  1715  1700  1658  1633  1667  ]
65 - [ 1727  1658  1620  1700  1649  1709  1667  1739  1633  1702  ]
66 - [ 1759  1770  1658  1767  1764  1709  1700  1649  1702  1761  ]
67 - [ 1796  1782  1761  1774  1709  1759  1791  1700  1794  1785  ]
68 - [ 1759  1811  1791  1761  1820  1700  1805  1794  1808  1817  ]
69 - [ 1832  1847  1840  1826  1794  1834  1817  1844  1842  1820  ]
70 - [ 1850  1874  1862  1865  1832  1834  1842  1844  1817  1794  ]
71 - [ 1817  1880  1844  1832  1862  1898  1874  1842  1794  1883  ]
72 - [ 1842  1832  1862  1915  1913  1898  1904  1883  1911  1917  ]
73 - [ 1932  1936  1942  1913  1911  1939  1927  1915  1948  1862  ]
74 - [ 1939  1936  1969  1972  1862  1911  1932  1942  1927  1948  ]
75 - [ 1942  1982  1993  1936  1939  1976  1998  1927  1985  1996  ]
76 - [ 1976  2007  2026  1998  1942  2005  1982  1927  2018  1996  ]
77 - [ 2052  2045  1996  1976  2036  2005  1982  2038  1927  2026  ]
78 - [ 2038  2045  2077  2060  2075  2057  2070  2072  1996  1927  ]
79 - [ 2090  2081  1927  2091  2088  2085  2079  1996  2101  2082  ]
80 - [ 2085  2106  2120  1996  2114  2101  2126  1927  2090  2124  ]
81 - [ 2139  2134  2131  2137  2154  1927  2090  2126  2152  2145  ]
82 - [ 2158  2137  2154  2161  2131  2139  2166  2169  2175  2177  ]
83 - [ 2158  2192  2202  2204  2185  2198  2139  2137  2177  2169  ]
84 - [ 2229  2209  2198  2177  2206  2222  2227  2192  2220  2185  ]
85 - [ 2252  2198  2243  2209  2241  2246  2185  2206  2192  2237  ]
86 - [ 2278  2257  2270  2198  2246  2265  2192  2243  2185  2268  ]
87 - [ 2257  2192  2308  2286  2243  2296  2291  2270  2246  2293  ]
88 - [ 2296  2322  2308  2324  2317  2246  2291  2327  2293  2330  ]
89 - [ 2346  2322  2246  2296  2349  2308  2340  2317  2293  2362  ]
90 - [ 2386  2346  2293  2381  2375  2296  2367  2362  2384  2340  ]
91 - [ 2381  2393  2386  2390  2395  2346  2409  2384  2362  2296  ]
92 - [ 2409  2393  2415  2418  2390  2362  2346  2296  2384  2430  ]
93 - [ 2458  2453  2384  2393  2296  2438  2440  2430  2460  2442  ]
94 - [ 2463  2487  2477  2458  2469  2480  2393  2466  2460  2440  ]
95 - [ 2440  2393  2514  2509  2477  2458  2506  2495  2487  2460  ]
96 - [ 2506  2393  2537  2522  2534  2532  2487  2516  2460  2458  ]
97 - [ 2534  2555  2562  2487  2522  2537  2546  2393  2460  2516  ]
98 - [ 2546  2566  2571  2579  2537  2534  2574  2568  2487  2577  ]
99 - [ 2612  2601  2595  2577  2604  2537  2566  2568  2614  2608  ]
