15.4850	2770.1000	15.4647	2770.1000	15.4568	2770.1000	
15.4568	2770.1000	15.4568	2770.1000	15.4489	2770.1000	
15.4568	2770.1000	15.4489	2770.1000	15.4568	2770.1000	
15.4568	2770.1000	15.4489	2770.1000	15.4568	2770.1000	
15.4489	2770.1000	15.4489	2770.1000	15.4489	2770.1000	
15.4489	2770.1000	15.4489	2770.1000	15.4489	2770.1000	
15.4489	2770.1000	15.4489	2770.1000	15.4489	2770.1000	
15.4489	2770.1000	15.4489	2770.1000	15.4489	2770.1000	
15.4489	2770.1000	15.4489	2770.1000	15.4489	2770.1000	
15.4489	2770.1000	15.4489	2770.1000	15.4489	2770.1000	
15.4489	2770.1000	15.4489	2770.1000	15.4489	2770.1000	
15.4489	2770.1000	15.4489	2770.1000	15.4489	2770.1000	
15.4489	2770.1000	15.4489	2770.1000	15.4489	2770.1000	
15.4489	2770.1000	15.4489	2770.1000	15.4489	2770.1000	
15.4489	2770.1000	15.4489	2770.1000	15.4489	2770.1000	
15.4489	2770.1000	15.4489	2770.1000	15.4489	2770.1000	
15.4489	2770.1000	15.4489	2770.1000	15.4489	2770.1000	
15.4489	2770.1000	15.4489	2770.1000	15.4489	2770.1000	
15.4489	2770.1000	15.4489	2770.1000	15.4489	2770.1000	
15.4489	2770.1000	15.4489	2770.1000	15.4489	2770.1000	
15.4489	2770.1000	15.4489	2770.1000	15.4489	2770.1000	
15.4489	2770.1000	15.4489	2770.1000	15.4489	2770.1000	
15.4489	2770.1000	15.4489	2770.1000	15.4489	2770.1000	
15.4489	2770.1000	15.4489	2770.1000	15.4489	2770.1000	
15.4489	2770.1000	15.4489	2770.1000	15.4489	2770.1000	
15.4489	2770.1000	15.4489	2770.1000	15.4489	2770.1000	
15.4489	2770.1000	15.4489	2770.1000	15.4489	2770.1000	
15.4489	2770.1000	15.4489	2770.1000	15.4489	2770.1000	
15.4489	2770.1000	15.4489	2770.1000	15.4489	2770.1000	
15.4489	2770.1000	15.4489	2770.1000	15.4489	2770.1000	
15.4489	2770.1000	15.4489	2770.1000	15.4489	2770.1000	
15.4489	2770.1000	15.4489	2770.1000	15.4489	2770.1000	
15.4489	2770.1000	15.4489	2770.1000	15.4489	2770.1000	
15.4489	2770.1000	15.4489	2770.1000	15.4489	2770.1000	
15.4489	2770.1000	15.4489	2770.1000	15.4489	2770.1000	
15.4489	2770.1000	15.4489	2770.1000	15.4489	2770.1000	
15.4489	2770.1000	15.4489	2770.1000	15.4489	2770.1000	
15.4489	2770.1000	15.4489	2770.1000	15.4489	2770.1000	
15.4489	2770.1000	15.4489	2770.1000	15.4489	2770.1000	
15.4489	2770.1000	15.4489	2770.1000	15.4489	2770.1000	
15.4489	2770.1000	15.4489	2770.1000	15.4489	2770.1000	
15.4489	2770.1000	15.4489	2770.1000	15.4489	2770.1000	
15.4489	2770.1000	15.4489	2770.1000	15.4489	2770.1000	
15.4489	2770.1000	15.4489	2770.1000	15.4489	2770.1000	
15.4489	2770.1000	15.4489	2770.1000	15.4489	2770.1000	
15.4489	2770.1000	15.4489	2770.1000	15.4489	2770.1000	
15.4489	2770.1000	15.4489	2770.1000	15.4489	2770.1000	
15.4489	2770.1000	15.4489	2770.1000	15.4489	2770.1000	
15.4489	2770.1000	15.4489	2770.1000	15.4489	2770.1000	
15.4489	2770.1000	15.4489	2770.1000	15.4489	2770.1000	
15.4489	2770.1000	15.4489	2770.1000	15.4489	2770.1000	
15.4489	2770.1000	15.4489	2770.1000	15.4489	2770.1000	
15.4489	2770.1000	15.4489	2770.1000	15.4489	2770.1000	
15.4489	2770.1000	15.4489	2770.1000	15.4489	2770.1000	
15.4489	2770.1000	15.4489	2770.1000	15.4489	2770.1000	
15.4489	2770.1000	15.4489	2770.1000	15.4489	2770.1000	
15.4489	2770.1000	15.4489	2770.1000	15.4489	2770.1000	
15.4489	2770.1000	15.4489	2770.1000	15.4489	2770.1000	
15.4489	2770.1000	15.4489	2770.1000	15.4489	2770.1000	
15.4489	2770.1000	15.4489	2770.1000	15.4489	2770.1000	
15.4489	2770.1000	15.4489	2770.1000	15.4489	2770.1000	
15.4489	2770.1000	15.4489	2770.1000	15.4489	2770.1000	
15.4489	2770.1000	15.4489	2770.1000	15.4489	2770.1000	
15.4489	2770.1000	15.4489	2770.1000	15.4489	2770.1000	
15.4489	2770.1000	15.4489	2770.1000	15.4489	2770.1000	
15.4489	2770.1000	15.4489	2770.1000	15.4489	2770.1000	
15.4489	2770.1000	15.4489	2770.1000	15.4489	2770.1000	
15.4489	2770.1000	15.4489	2770.1000	15.4489	2770.1000	
15.4489	2770.1000	15.4489	2770.1000	15.4489	2770.1000	
15.4489	2770.1000	15.4489	2770.1000	15.4489	2770.1000	
15.4489	2770.1000	15.4489	2770.1000	15.4489	2770.1000	
15.4489	2770.1000	15.4489	2770.1000	15.4489	2770.1000	
15.4489	2770.1000	15.4489	2770.1000	15.4489	2770.1000	
15.4489	2770.1000	15.4489	2770.1000	15.4489	2770.1000	
15.4489	2770.1000	15.4489	2770.1000	15.4489	2770.1000	
15.4489	2770.1000	15.4489	2770.1000	15.4489	2770.1000	
15.4489	2770.1000	15.4489	2770.1000	15.4489	2770.1000	
15.4489	2770.1000	15.4489	2770.1000	15.4489	2770.1000	
15.4489	2770.1000	15.4489	2770.1000	15.4489	2770.1000	
15.4489	2770.1000	15.4489	2770.1000	15.4489	2770.1000	
15.4489	2770.1000	15.4489	2770.1000	15.4489	2770.1000	
15.4489	2770.1000	15.4489	2770.1000	15.4489	2770.1000	
15.4489	2770.1000	15.4489	2770.1000	15.4489	2770.1000	
15.4489	2770.1000	15.4489	2770.1000	15.4489	2770.1000	
15.4489	2770.1000	15.4489	2770.1000	15.4489	2770.1000	
15.4489	2770.1000	15.4489	2770.1000	15.4489	2770.1000	
15.4489	2770.1000	15.4489	2770.1000	15.4489	2770.1000	
15.4489	2770.1000	15.4489	2770.1000	15.4489	2770.1000	
15.4489	2770.1000	15.4489	2770.1000	15.4489	2770.1000	
15.4489	2770.1000	15.4489	2770.1000	15.4489	2770.1000	
15.4489	2770.1000	15.4489	2770.1000	15.4489	2770.1000	
15.4489	2770.1000	15.4489	2770.1000	15.4489	2770.1000	
15.4489	2770.1000	15.4489	2770.1000	15.4489	2770.1000	
15.4489	2770.1000	15.4489	2770.1000	15.4489	2770.1000	
15.4489	2770.1000	15.4489	2770.1000	15.4489	2770.1000	
15.4489	2770.1000	15.4489	2770.1000	15.4489	2770.1000	
15.4489	2770.1000	15.4489	2770.1000	15.4489	2770.1000	
15.4489	2770.1000	15.4489	2770.1000	15.4489	2770.1000	
15.4489	2770.1000	15.4489	2770.1000	15.4489	2770.1000	
15.4489	2770.1000	15.4489	2770.1000	15.4489	2770.1000	
