0 - [ 18  10  13  8  9  4  16  5  1  7  ]
1 - [ 8  44  30  7  13  5  36  1  4  26  ]
2 - [ 52  55  62  30  64  8  36  44  5  49  ]
3 - [ 44  78  36  89  55  52  80  93  30  83  ]
4 - [ 93  125  78  120  55  122  105  83  112  30  ]
5 - [ 150  125  105  93  130  112  78  122  128  133  ]
6 - [ 156  133  175  105  93  78  163  112  168  122  ]
7 - [ 181  112  175  201  122  78  133  105  188  93  ]
8 - [ 181  212  206  188  222  78  217  204  225  112  ]
9 - [ 238  248  222  225  229  212  234  204  243  250  ]
10 - [ 238  243  248  234  225  276  255  270  253  273  ]
11 - [ 281  284  253  299  302  225  243  283  248  273  ]
12 - [ 310  323  316  243  284  313  306  332  281  299  ]
13 - [ 316  350  313  343  310  338  335  352  299  348  ]
14 - [ 370  335  338  299  379  364  366  363  368  313  ]
15 - [ 385  398  366  391  390  368  396  338  363  407  ]
16 - [ 432  430  390  427  385  420  338  418  391  409  ]
17 - [ 418  435  455  338  446  448  452  458  432  443  ]
18 - [ 470  452  461  446  485  448  338  467  458  455  ]
19 - [ 467  485  500  461  448  493  455  446  498  470  ]
20 - [ 511  461  527  512  523  500  448  526  498  530  ]
21 - [ 448  544  558  559  526  530  553  527  523  546  ]
22 - [ 577  553  527  567  546  575  448  573  544  559  ]
23 - [ 616  575  601  527  577  448  573  611  608  559  ]
24 - [ 616  642  448  626  608  601  637  527  577  634  ]
25 - [ 608  662  634  626  642  656  644  667  577  652  ]
26 - [ 608  687  577  694  644  667  697  642  634  677  ]
27 - [ 713  710  687  694  644  722  667  704  715  709  ]
28 - [ 715  736  746  744  739  734  694  732  687  741  ]
29 - [ 764  772  759  694  775  746  773  776  736  744  ]
30 - [ 759  775  786  744  794  773  803  778  792  694  ]
31 - [ 803  808  794  806  786  821  744  805  778  792  ]
32 - [ 841  855  834  837  821  847  831  803  778  844  ]
33 - [ 844  837  834  871  880  778  878  857  803  831  ]
34 - [ 882  834  896  803  831  857  885  878  894  902  ]
35 - [ 878  927  912  894  885  909  921  896  857  831  ]
36 - [ 894  857  936  958  909  955  946  950  831  878  ]
37 - [ 958  977  972  909  950  831  970  962  894  960  ]
38 - [ 972  1008  995  962  950  977  970  894  1000  994  ]
39 - [ 1025  972  1019  1028  1010  1022  995  1034  1012  1017  ]
40 - [ 1025  1058  1017  1028  1060  1044  1019  995  1047  1049  ]
41 - [ 1064  1080  1025  1069  1028  1017  1060  1044  1019  1088  ]
42 - [ 1110  1025  1114  1093  1088  1080  1028  1044  1099  1019  ]
43 - [ 1136  1129  1120  1141  1123  1117  1088  1135  1019  1028  ]
44 - [ 1019  1145  1143  1164  1123  1161  1120  1148  1129  1135  ]
45 - [ 1170  1193  1148  1180  1164  1177  1174  1176  1019  1145  ]
46 - [ 1177  1195  1200  1202  1145  1174  1176  1170  1019  1180  ]
47 - [ 1180  1230  1240  1177  1174  1195  1227  1176  1237  1170  ]
48 - [ 1264  1260  1230  1237  1262  1270  1249  1240  1252  1267  ]
49 - [ 1260  1286  1292  1279  1240  1249  1230  1284  1273  1275  ]
50 - [ 1319  1303  1311  1306  1284  1314  1230  1309  1286  1320  ]
51 - [ 1340  1329  1306  1311  1323  1284  1319  1286  1337  1342  ]
52 - [ 1368  1319  1342  1284  1359  1286  1356  1371  1311  1329  ]
53 - [ 1379  1284  1329  1385  1398  1400  1376  1368  1311  1375  ]
54 - [ 1329  1284  1400  1379  1398  1311  1422  1411  1428  1368  ]
55 - [ 1428  1329  1435  1311  1453  1368  1440  1446  1450  1284  ]
56 - [ 1446  1435  1368  1311  1480  1478  1428  1455  1329  1284  ]
57 - [ 1502  1503  1428  1482  1311  1455  1492  1480  1484  1435  ]
58 - [ 1517  1515  1509  1511  1482  1492  1520  1435  1527  1530  ]
59 - [ 1530  1435  1492  1515  1540  1509  1552  1517  1543  1554  ]
60 - [ 1584  1543  1515  1554  1435  1530  1569  1587  1562  1492  ]
61 - [ 1530  1595  1435  1592  1608  1554  1587  1597  1543  1604  ]
62 - [ 1626  1592  1620  1530  1543  1629  1632  1597  1637  1604  ]
63 - [ 1637  1592  1666  1655  1626  1660  1597  1663  1647  1649  ]
64 - [ 1670  1660  1666  1649  1637  1675  1668  1647  1626  1655  ]
65 - [ 1704  1626  1668  1649  1706  1708  1714  1666  1696  1637  ]
66 - [ 1706  1721  1719  1649  1728  1696  1708  1739  1730  1718  ]
67 - [ 1741  1756  1728  1719  1753  1718  1761  1708  1721  1748  ]
68 - [ 1748  1761  1777  1775  1753  1767  1708  1769  1741  1786  ]
69 - [ 1741  1786  1812  1794  1761  1805  1708  1748  1775  1814  ]
70 - [ 1741  1775  1828  1833  1786  1839  1814  1761  1748  1822  ]
71 - [ 1822  1761  1848  1854  1859  1833  1857  1814  1748  1828  ]
72 - [ 1883  1891  1828  1859  1857  1761  1822  1896  1814  1881  ]
73 - [ 1891  1881  1908  1814  1914  1905  1922  1917  1926  1883  ]
74 - [ 1814  1917  1905  1908  1942  1929  1948  1937  1945  1940  ]
75 - [ 1971  1958  1976  1969  1961  1974  1948  1929  1940  1966  ]
76 - [ 1940  2002  1988  1966  1991  1971  1999  1929  1981  1961  ]
77 - [ 1940  2019  2002  1929  1988  2033  2027  1991  2010  1999  ]
78 - [ 2050  2038  1988  2054  2052  2019  2002  2044  2059  2041  ]
79 - [ 2082  2067  2050  2041  2002  2044  2054  2052  2064  2080  ]
80 - [ 2091  2100  2111  2002  2105  2096  2052  2050  2054  2093  ]
81 - [ 2096  2105  2125  2002  2117  2052  2129  2133  2050  2121  ]
82 - [ 2125  2136  2052  2096  2144  2150  2129  2139  2002  2050  ]
83 - [ 2002  2185  2187  2144  2167  2181  2183  2050  2096  2176  ]
84 - [ 2176  2185  2198  2144  2201  2190  2096  2203  2210  2167  ]
85 - [ 2210  2198  2190  2229  2201  2185  2216  2224  2176  2222  ]
86 - [ 2247  2210  2224  2238  2257  2255  2216  2261  2258  2185  ]
87 - [ 2210  2255  2271  2258  2269  2274  2238  2283  2263  2288  ]
88 - [ 2255  2316  2258  2296  2288  2307  2292  2283  2314  2305  ]
89 - [ 2332  2296  2314  2342  2319  2322  2340  2258  2288  2334  ]
90 - [ 2348  2296  2314  2369  2332  2322  2353  2359  2288  2342  ]
91 - [ 2288  2332  2381  2369  2392  2359  2376  2389  2383  2314  ]
92 - [ 2400  2417  2392  2314  2383  2332  2381  2406  2369  2420  ]
93 - [ 2432  2437  2420  2439  2383  2429  2314  2442  2435  2392  ]
94 - [ 2439  2469  2451  2442  2467  2392  2454  2448  2437  2435  ]
95 - [ 2454  2448  2467  2493  2392  2489  2451  2473  2442  2435  ]
96 - [ 2501  2454  2489  2473  2435  2515  2451  2442  2505  2448  ]
97 - [ 2442  2528  2505  2536  2532  2530  2520  2541  2451  2534  ]
98 - [ 2442  2536  2520  2546  2451  2530  2558  2556  2541  2532  ]
99 - [ 2585  2520  2588  2583  2536  2556  2532  2530  2442  2590  ]
