0 - [ 17  9  2  22  12  6  20  11  18  8  ]
1 - [ 41  17  28  27  9  30  31  44  2  33  ]
2 - [ 58  41  17  60  28  62  72  63  57  64  ]
3 - [ 58  94  60  96  85  41  83  86  62  108  ]
4 - [ 110  86  128  83  41  58  130  125  131  85  ]
5 - [ 130  143  83  146  154  159  86  58  141  128  ]
6 - [ 83  188  128  170  146  172  143  173  168  179  ]
7 - [ 83  201  146  172  196  198  190  199  204  191  ]
8 - [ 219  190  201  237  191  244  218  245  83  236  ]
9 - [ 259  263  219  267  191  250  218  190  244  83  ]
10 - [ 283  219  267  218  83  281  191  298  284  250  ]
11 - [ 319  298  83  311  310  304  219  317  267  250  ]
12 - [ 83  338  311  267  319  335  298  304  333  310  ]
13 - [ 83  335  358  377  319  267  363  310  355  369  ]
14 - [ 393  388  408  407  377  355  369  363  405  399  ]
15 - [ 420  435  363  429  388  426  423  408  407  438  ]
16 - [ 446  426  449  407  420  462  388  423  451  435  ]
17 - [ 468  483  478  435  420  486  423  426  451  492  ]
18 - [ 435  423  451  492  468  505  483  497  515  420  ]
19 - [ 523  520  543  528  497  423  505  468  539  492  ]
20 - [ 569  551  505  523  539  423  468  557  562  554  ]
21 - [ 551  593  579  539  554  590  577  585  597  505  ]
22 - [ 585  539  610  593  603  618  606  579  605  619  ]
23 - [ 610  641  539  631  644  606  593  646  651  585  ]
24 - [ 672  663  660  669  678  610  585  631  666  641  ]
25 - [ 707  685  693  686  699  705  696  631  672  641  ]
26 - [ 733  715  710  672  721  693  696  735  709  718  ]
27 - [ 672  760  735  693  737  749  718  755  741  715  ]
28 - [ 718  715  780  766  785  774  764  783  777  735  ]
29 - [ 777  764  803  808  811  774  785  783  793  798  ]
30 - [ 817  839  785  783  836  824  827  842  822  777  ]
31 - [ 817  847  849  777  827  852  839  860  836  869  ]
32 - [ 836  827  849  839  876  886  777  877  880  860  ]
33 - [ 839  880  836  922  923  901  877  915  912  860  ]
34 - [ 953  839  880  901  935  836  923  947  915  912  ]
35 - [ 901  956  880  915  962  979  923  977  912  947  ]
36 - [ 977  1009  984  901  986  992  995  947  880  987  ]
37 - [ 1014  992  1017  1029  880  1009  986  995  901  1032  ]
38 - [ 995  1047  1052  1017  1049  1045  1059  1062  1043  1057  ]
39 - [ 1043  1085  1062  1049  1088  1065  1080  1057  1077  1074  ]
40 - [ 1090  1049  1113  1104  1062  1107  1101  1098  1077  1110  ]
41 - [ 1124  1130  1139  1077  1142  1144  1101  1049  1107  1104  ]
42 - [ 1159  1161  1151  1166  1156  1144  1049  1130  1153  1148  ]
43 - [ 1171  1196  1180  1177  1189  1156  1166  1182  1144  1130  ]
44 - [ 1219  1198  1209  1214  1171  1212  1202  1156  1144  1177  ]
45 - [ 1226  1156  1144  1236  1177  1202  1198  1212  1233  1219  ]
46 - [ 1177  1270  1236  1256  1265  1262  1226  1253  1273  1156  ]
47 - [ 1287  1236  1256  1296  1156  1265  1177  1292  1306  1284  ]
48 - [ 1316  1328  1314  1296  1309  1177  1306  1265  1236  1330  ]
49 - [ 1328  1345  1236  1265  1314  1340  1356  1348  1335  1343  ]
50 - [ 1265  1363  1384  1361  1335  1379  1348  1382  1385  1369  ]
51 - [ 1384  1392  1400  1403  1409  1406  1369  1361  1388  1382  ]
52 - [ 1400  1428  1406  1436  1409  1382  1418  1421  1432  1426  ]
53 - [ 1382  1446  1428  1453  1418  1406  1448  1400  1450  1441  ]
54 - [ 1428  1406  1470  1479  1488  1453  1382  1485  1472  1448  ]
55 - [ 1501  1428  1472  1512  1485  1493  1514  1498  1479  1470  ]
56 - [ 1531  1533  1544  1542  1514  1493  1472  1428  1501  1536  ]
57 - [ 1428  1572  1548  1555  1533  1536  1531  1552  1558  1493  ]
58 - [ 1588  1548  1575  1593  1536  1531  1577  1595  1572  1580  ]
59 - [ 1600  1531  1605  1602  1623  1612  1608  1580  1536  1588  ]
60 - [ 1645  1612  1647  1600  1629  1634  1637  1580  1531  1640  ]
61 - [ 1663  1676  1672  1531  1629  1580  1640  1653  1645  1634  ]
62 - [ 1701  1531  1679  1685  1676  1634  1629  1681  1691  1653  ]
63 - [ 1685  1724  1729  1718  1531  1691  1634  1707  1679  1681  ]
64 - [ 1718  1750  1634  1745  1741  1707  1739  1736  1742  1679  ]
65 - [ 1760  1770  1736  1634  1772  1775  1750  1768  1679  1739  ]
66 - [ 1808  1739  1803  1634  1800  1795  1760  1785  1679  1772  ]
67 - [ 1772  1814  1827  1825  1785  1832  1811  1820  1739  1823  ]
68 - [ 1847  1823  1832  1859  1739  1844  1825  1785  1811  1853  ]
69 - [ 1881  1869  1823  1878  1888  1847  1811  1871  1859  1832  ]
70 - [ 1878  1823  1896  1902  1913  1811  1859  1881  1890  1832  ]
71 - [ 1935  1859  1927  1932  1890  1930  1922  1913  1941  1881  ]
72 - [ 1944  1964  1949  1859  1890  1946  1967  1932  1913  1941  ]
73 - [ 1913  1944  1941  1993  1859  1964  1986  1978  1969  1973  ]
74 - [ 1964  1978  1986  1969  1998  2003  2009  2015  1913  1973  ]
75 - [ 1973  2009  1969  1998  2033  2051  2045  2030  2015  2003  ]
76 - [ 2059  2045  1973  2051  2033  2057  2063  2069  2003  2077  ]
77 - [ 2093  2082  2059  2097  2033  2069  2085  2092  2095  2057  ]
78 - [ 2082  2033  2128  2116  2122  2093  2125  2119  2059  2069  ]
79 - [ 2146  2133  2141  2119  2082  2137  2150  2143  2153  2148  ]
80 - [ 2162  2146  2153  2168  2082  2143  2148  2183  2175  2165  ]
81 - [ 2198  2195  2165  2207  2143  2201  2162  2148  2175  2168  ]
82 - [ 2162  2232  2235  2234  2219  2230  2212  2148  2198  2168  ]
83 - [ 2219  2260  2237  2240  2249  2255  2212  2148  2162  2198  ]
84 - [ 2269  2280  2237  2212  2283  2292  2198  2255  2286  2265  ]
85 - [ 2269  2286  2255  2283  2294  2313  2305  2310  2317  2300  ]
86 - [ 2305  2319  2331  2286  2283  2322  2342  2340  2317  2300  ]
87 - [ 2319  2317  2283  2355  2352  2371  2342  2331  2300  2361  ]
88 - [ 2319  2317  2378  2352  2361  2383  2331  2396  2342  2355  ]
89 - [ 2411  2420  2422  2396  2401  2361  2417  2352  2404  2317  ]
90 - [ 2453  2404  2411  2352  2401  2431  2317  2442  2432  2429  ]
91 - [ 2432  2404  2411  2456  2429  2459  2317  2431  2465  2467  ]
92 - [ 2510  2498  2404  2487  2504  2429  2431  2484  2456  2465  ]
93 - [ 2498  2523  2512  2510  2536  2431  2465  2404  2518  2531  ]
94 - [ 2550  2539  2536  2431  2531  2561  2512  2518  2564  2523  ]
95 - [ 2431  2585  2570  2589  2583  2592  2564  2572  2536  2550  ]
96 - [ 2595  2592  2621  2564  2610  2607  2572  2583  2601  2570  ]
97 - [ 2583  2595  2647  2639  2637  2636  2592  2564  2621  2624  ]
98 - [ 2658  2663  2592  2636  2653  2624  2595  2675  2661  2639  ]
99 - [ 2624  2675  2663  2636  2700  2691  2592  2661  2685  2703  ]
