0 - [ 48  92  71  90  126  88  ]
1 - [ 148  140  ]
2 - [ 164  157  163  161  ]
3 - [ 170  177  179  175  181  168  166  172  ]
4 - [ 209  195  201  193  207  183  205  191  187  197  211  199  213  189  185  ]
5 - [ 219  221  235  223  215  255  244  217  259  263  227  261  225  233  251  ]
6 - [ 294  330  285  324  315  312  287  308  321  306  302  279  336  289  304  ]
7 - [ 389  371  345  355  393  341  369  357  375  373  391  365  399  351  347  ]
8 - [ 415  411  443  427  405  458  447  441  454  421  452  462  450  419  429  ]
9 - [ 505  492  484  496  476  507  500  470  466  510  515  512  523  472  482  ]
10 - [ 556  588  574  558  537  554  552  562  578  539  584  566  586  550  572  ]
11 - [ 642  653  620  602  594  648  625  614  610  634  621  640  590  629  638  ]
12 - [ 686  700  696  704  680  669  663  710  657  708  706  692  688  702  661  ]
13 - [ 774  762  742  758  768  748  720  734  722  760  756  752  740  730  736  ]
14 - [ 808  792  830  826  778  786  794  800  806  820  790  782  776  812  784  ]
15 - [ 891  889  846  844  836  872  870  866  885  895  876  842  879  840  860  ]
16 - [ 942  932  955  911  934  926  899  907  928  949  924  940  897  921  930  ]
17 - [ 970  965  972  973  998  986  1004  1010  977  959  1020  984  979  1016  1002  ]
18 - [ 1065  1027  ]
19 - [ 1090  1088  1085  1083  ]
20 - [ 1106  1104  1092  1096  1094  ]
21 - [ 1110  1120  1116  1112  1126  1108  1118  1122  1114  1124  ]
22 - [ 1164  1162  1140  1144  1129  1138  1168  1142  1166  1135  1148  1154  1133  1160  1131  ]
23 - [ 1230  1228  1193  1188  1180  1216  1192  1222  1220  1195  1178  1205  1215  1190  1197  ]
24 - [ 1294  1277  1258  1241  1253  1251  1280  1284  1232  1273  1236  1261  1260  1247  1255  ]
25 - [ 1347  1298  1299  ]
26 - [ 1363  1365  1360  ]
27 - [ 1382  1380  1374  1371  1378  1376  ]
28 - [ 1410  1396  1402  1385  1399  1401  1395  1398  1404  1393  1406  1389  1408  1391  1387  ]
29 - [ 1446  1434  1442  1464  1452  1418  1438  1450  1444  1414  1448  1422  1454  1416  1440  ]
30 - [ 1478  1496  1506  1486  1482  1484  1490  1492  1524  1510  1488  1504  1528  1502  1476  ]
31 - [ 1548  1542  1571  1555  1559  1557  1569  1593  1534  1544  1589  1573  1575  1582  1551  ]
32 - [ 1651  1645  1625  1618  1647  1610  1621  1598  1641  1604  1655  1606  1616  1643  1633  ]
33 - [ 1680  1719  1698  1678  1717  1682  1692  1667  1701  1672  1684  1709  1713  1665  1715  ]
34 - [ 1722  1776  1767  1749  1774  1730  1738  1732  1761  1751  1782  1757  1740  1765  1763  ]
35 - [ 1834  1786  1840  1800  1788  1807  1792  1796  1813  1836  1794  1842  1784  1825  1803  ]
36 - [ 1874  1896  1884  1864  1880  1907  1846  1906  1882  1902  1872  1868  1878  1889  1858  ]
37 - [ 1944  1926  1959  1951  1970  1918  1920  1916  1968  1949  1934  1972  1961  1957  1930  ]
38 - [ 1976  2000  1996  1994  2016  1998  1980  2010  1984  2014  2025  1988  2027  2006  2029  ]
39 - [ 2040  2087  2038  2095  2066  2056  2062  2099  2079  2058  2046  2059  2070  2048  2097  ]
40 - [ 2153  2166  2122  2160  2128  2104  2116  2137  2158  2143  2151  2107  2130  2124  2112  ]
41 - [ 2170  2188  2230  2192  2172  2212  2184  2214  2204  2199  2228  2210  2218  2180  2208  ]
42 - [ 2289  2244  2249  2267  2279  2238  2242  2265  2277  2271  2251  2246  2275  2236  2240  ]
43 - [ 2325  2341  2312  2308  2302  2322  2348  2350  2346  2335  2320  2352  2337  2314  2331  ]
44 - [ 2389  2410  2385  2379  2401  2418  2414  2403  2362  2395  2364  2358  2368  2381  2372  ]
45 - [ 2460  2433  2470  2479  2452  2446  2477  2450  2468  2422  2420  2454  2444  2425  2466  ]
46 - [ 2526  2489  2500  2483  2498  2497  2528  2504  2491  2513  2487  2544  2507  2532  2524  ]
47 - [ 2568  2560  2572  2584  2598  2546  2588  2596  2548  2580  2604  2552  2582  2556  2576  ]
48 - [ 2625  2651  2619  2635  2633  2631  2649  2637  2627  2615  2657  2661  2613  2607  2645  ]
49 - [ 2724  2692  2714  2673  2686  2688  2722  2677  2712  2696  2726  2702  2675  2718  2679  ]
50 - [ 2777  2757  2779  2736  2785  2734  2742  2751  2748  2746  2761  2753  2728  2769  2773  ]
51 - [ 2815  2818  2817  2798  2794  2830  2848  2813  2824  2809  2790  2803  2836  2834  2844  ]
52 - [ 2874  2872  2864  2890  2909  2900  2904  2887  2892  2880  2858  2860  2902  2882  2907  ]
53 - [ 2959  2958  2936  ]
54 - [ 2982  2983  ]
55 - [ 2992  2994  2990  2996  ]
56 - [ 3004  3008  3002  2998  3010  ]
57 - [ 3028  3018  3024  3020  3026  3032  3014  3030  3022  3016  ]
58 - [ 3036  3055  3051  3063  3042  3059  3053  3061  3049  3057  3065  3073  3045  3034  3047  ]
59 - [ 3121  3094  3090  3092  3123  3085  3135  3127  3117  3101  3129  3131  3133  3079  3113  ]
60 - [ 3149  3151  3192  3180  3139  3145  3164  3174  3196  3160  3162  3168  3141  3170  3155  ]
61 - [ 3215  3227  3242  3238  3213  3254  3252  3220  3207  3211  3222  3198  3233  3258  3248  ]
62 - [ 3322  3313  3311  3264  3284  3297  3276  3262  3287  3270  3289  3293  3268  3303  3274  ]
63 - [ 3331  3337  3357  3333  3378  3359  3369  3326  3345  3361  3374  3376  3347  3355  3343  ]
64 - [ 3429  3447  3392  3414  3400  3388  3390  3443  3410  3404  3394  3439  3431  3433  3425  ]
65 - [ 3494  3461  3470  3465  3496  3486  3478  3468  3474  3498  3457  3502  3459  3463  3476  ]
66 - [ 3523  3562  3533  3545  3560  3547  3518  3529  3557  3566  3539  3527  3537  3535  3541  ]
67 - [ 3572  3606  3609  3627  3589  3587  3631  3578  3596  3598  3585  3616  3625  3613  3620  ]
68 - [ 3639  3685  3693  3675  3697  3643  3657  3662  3666  3651  3689  3673  3681  3671  3695  ]
69 - [ 3707  3759  3711  3746  3736  3738  3715  3703  3721  3753  3744  3723  3755  3731  3740  ]
70 - [ 3793  3813  3787  3807  3791  3765  3795  3769  3767  3815  3805  3819  3763  3811  3783  ]
71 - [ 3857  3868  3848  3869  3862  3882  3850  3878  3840  3859  3831  3864  3855  3821  3872  ]
72 - [ 3935  3924  3943  3933  3922  3917  3888  3913  3947  3919  3899  3892  3931  3905  3911  ]
73 - [ 3952  3958  3968  3978  3966  3984  3980  3951  3996  4007  3986  4009  4000  3994  3992  ]
74 - [ 4016  4055  4071  4030  4073  4067  4069  4049  4034  4041  4036  4045  4028  4057  4059  ]
75 - [ 4110  4114  4075  4099  4122  4132  4124  4106  4135  4137  4097  4093  4077  4126  4085  ]
76 - [ 4202  4188  4198  4177  4183  4151  4145  4143  4169  4167  4192  4155  4200  4179  4142  ]
77 - [ 4226  4207  4220  4250  4211  4224  4266  4260  4258  4248  4229  4256  4233  4218  4245  ]
78 - [ 4319  4268  ]
79 - [ 4335  4333  4336  ]
80 - [ 4339  4342  4341  4347  4345  4343  4337  ]
81 - [ 4372  4351  4376  4357  4362  4349  4366  4353  4370  4355  4368  4360  4374  4364  4356  ]
82 - [ 4393  4421  4435  4380  4403  4440  4413  4408  4391  4437  4385  4411  4433  4423  4389  ]
83 - [ 4442  4486  4467  4452  4476  4465  4500  4470  4474  4496  4454  4488  4490  4504  4502  ]
84 - [ 4565  4509  4534  4517  4567  4561  4539  4559  4521  4525  4536  4550  4555  4548  4531  ]
85 - [ 4603  4619  4615  4585  4577  4613  4609  4617  4597  4623  4625  4629  4627  4589  4579  ]
86 - [ 4645  4679  4651  4690  4657  4663  4675  4677  4667  4639  4649  4637  4643  4631  4635  ]
87 - [ 4712  4706  4699  4701  4735  4708  4710  4733  4697  4745  4729  4749  4695  4705  4723  ]
88 - [ 4801  4781  4795  4809  4777  4763  4783  4773  4813  4793  4815  4767  4769  4797  4765  ]
89 - [ 4817  4852  4876  4860  4820  4824  4866  4872  4846  4840  4830  4878  4868  4874  4836  ]
90 - [ 4892  4911  4884  4896  4886  4923  4921  4913  4915  4898  4934  4930  4894  4917  4924  ]
91 - [ 4992  4962  4974  4944  5002  4996  4984  4957  5000  4972  4966  4988  4959  4942  4955  ]
92 - [ 5059  5057  5029  5063  5010  5065  5037  5053  5041  5027  5049  5047  5035  5008  5039  ]
93 - [ 5115  5071  5088  5081  5119  5104  5067  5075  5098  5077  5113  5096  5085  5073  5107  ]
94 - [ 5139  5150  5131  5135  5164  5178  5166  5180  5188  5162  5189  5160  5156  5143  5168  ]
95 - [ 5216  5218  5244  5230  5226  5191  5248  5250  5222  5214  5195  5228  5206  5197  5200  ]
96 - [ 5260  5266  5305  5291  5280  5303  5258  5301  5256  5284  5264  5307  5252  5287  5274  ]
97 - [ 5341  5327  5343  5339  5365  5319  5359  5313  5337  5357  5351  5355  5331  5345  5369  ]
98 - [ 5400  5412  5424  5398  5385  5410  5379  5396  5394  5390  5381  5414  5426  5375  5422  ]
99 - [ 5443  5451  5439  5437  5477  5467  5481  5465  5479  5445  5489  5441  5491  5471  5485  ]
