0 - [ 6  30  31  26  27  28  7  24  3  25  ]
1 - [ 36  45  43  39  30  34  31  6  37  33  ]
2 - [ 63  84  36  90  45  66  64  92  67  80  ]
3 - [ 63  94  95  103  93  112  107  99  97  36  ]
4 - [ 123  63  124  125  94  131  127  137  130  95  ]
5 - [ 158  161  63  123  154  155  124  156  169  159  ]
6 - [ 158  202  182  183  161  204  185  189  210  188  ]
7 - [ 219  234  158  211  214  202  182  212  215  217  ]
8 - [ 243  254  263  219  241  240  242  245  244  234  ]
9 - [ 281  284  243  270  283  269  271  282  254  273  ]
10 - [ 299  281  284  303  310  304  300  243  307  309  ]
11 - [ 328  331  299  340  343  329  339  338  330  281  ]
12 - [ 358  364  361  299  331  328  365  359  372  360  ]
13 - [ 391  364  392  397  361  358  394  393  388  395  ]
14 - [ 417  432  391  438  418  443  419  439  433  358  ]
15 - [ 417  462  461  448  460  391  474  432  450  451  ]
16 - [ 489  417  492  477  485  497  484  478  491  462  ]
17 - [ 530  489  507  492  417  510  477  508  514  511  ]
18 - [ 542  563  530  536  537  538  565  489  540  543  ]
19 - [ 569  575  587  542  567  568  570  571  563  595  ]
20 - [ 596  601  610  569  597  575  609  599  608  598  ]
21 - [ 625  596  626  637  642  627  629  601  641  632  ]
22 - [ 625  654  663  655  665  666  669  675  664  681  ]
23 - [ 684  654  625  685  686  697  692  698  663  688  ]
24 - [ 684  723  714  738  722  715  721  716  725  718  ]
25 - [ 744  747  756  745  723  684  714  750  746  751  ]
26 - [ 783  744  786  747  795  801  756  775  778  803  ]
27 - [ 816  744  783  786  747  807  804  795  820  819  ]
28 - [ 839  860  816  834  838  849  858  845  783  744  ]
29 - [ 863  839  866  860  869  834  862  816  871  868  ]
30 - [ 863  896  839  893  866  860  902  899  869  905  ]
31 - [ 929  923  839  863  896  926  893  941  932  866  ]
32 - [ 926  923  956  839  863  896  929  968  953  965  ]
33 - [ 896  985  863  956  929  991  923  926  997  988  ]
34 - [ 1033  863  956  1030  926  929  1021  1027  896  985  ]
35 - [ 1042  1021  929  1063  1045  1066  1054  863  1069  985  ]
36 - [ 1078  1090  1063  1075  1096  1087  1093  1054  1081  1072  ]
37 - [ 1093  1126  1108  1129  1096  1078  1120  1072  1117  1075  ]
38 - [ 1132  1075  1117  1153  1093  1120  1144  1108  1156  1159  ]
39 - [ 1183  1156  1171  1153  1093  1120  1174  1186  1168  1075  ]
40 - [ 1186  1203  1197  1206  1212  1200  1218  1192  1195  1120  ]
41 - [ 1221  1230  1195  1206  1248  1120  1236  1212  1197  1239  ]
42 - [ 1212  1120  1260  1278  1248  1197  1275  1221  1263  1206  ]
43 - [ 1248  1301  1278  1290  1307  1275  1120  1304  1206  1197  ]
44 - [ 1197  1322  1248  1304  1120  1313  1328  1206  1307  1310  ]
45 - [ 1360  1345  1354  1348  1304  1351  1206  1363  1120  1307  ]
46 - [ 1387  1304  1360  1372  1351  1206  1307  1393  1381  1345  ]
47 - [ 1387  1399  1307  1411  1345  1420  1393  1426  1304  1402  ]
48 - [ 1450  1444  1447  1411  1304  1387  1307  1438  1402  1420  ]
49 - [ 1444  1459  1480  1465  1402  1471  1387  1474  1468  1486  ]
50 - [ 1465  1492  1480  1444  1459  1507  1495  1510  1486  1402  ]
51 - [ 1465  1531  1510  1537  1486  1519  1528  1444  1534  1543  ]
52 - [ 1444  1570  1564  1555  1576  1549  1558  1567  1528  1537  ]
53 - [ 1582  1567  1581  1606  1579  1555  1549  1594  1558  1603  ]
54 - [ 1630  1594  1582  1549  1579  1618  1558  1606  1621  1624  ]
55 - [ 1663  1642  1558  1639  1645  1648  1579  1582  1606  1624  ]
56 - [ 1642  1687  1639  1648  1675  1579  1645  1582  1558  1695  ]
57 - [ 1707  1713  1675  1719  1558  1642  1582  1698  1687  1710  ]
58 - [ 1707  1698  1734  1675  1687  1642  1743  1737  1719  1728  ]
59 - [ 1642  1698  1782  1743  1728  1734  1687  1737  1719  1773  ]
60 - [ 1800  1806  1698  1728  1734  1812  1719  1782  1794  1773  ]
61 - [ 1832  1812  1806  1817  1728  1826  1820  1734  1698  1829  ]
62 - [ 1869  1734  1698  1820  1817  1851  1728  1806  1854  1860  ]
63 - [ 1878  1860  1698  1806  1890  1887  1893  1875  1817  1869  ]
64 - [ 1908  1860  1905  1806  1887  1817  1914  1875  1932  1926  ]
65 - [ 1908  1875  1926  1860  1914  1950  1932  1935  1887  1806  ]
66 - [ 1968  1806  1908  1887  1926  1950  1989  1914  1983  1875  ]
67 - [ 1989  1983  1908  1968  1806  2021  1887  2001  2010  2018  ]
68 - [ 2051  1968  2050  2010  1887  2039  2024  2018  2036  2021  ]
69 - [ 2072  2060  2066  2039  2054  2081  2069  1968  2010  2075  ]
70 - [ 2066  2072  2010  2111  2060  2054  2093  2087  2084  2108  ]
71 - [ 2111  2135  2129  2117  2093  2126  2138  2072  2141  2132  ]
72 - [ 2132  2153  2147  2093  2129  2159  2111  2072  2141  2165  ]
73 - [ 2111  2186  2132  2183  2159  2192  2093  2195  2177  2141  ]
74 - [ 2177  2213  2210  2111  2186  2228  2231  2093  2204  2207  ]
75 - [ 2186  2246  2210  2237  2249  2234  2252  2258  2240  2255  ]
76 - [ 2279  2258  2288  2291  2186  2270  2264  2237  2249  2246  ]
77 - [ 2258  2321  2186  2288  2264  2291  2279  2246  2270  2315  ]
78 - [ 2333  2339  2327  2264  2315  2330  2270  2288  2291  2324  ]
79 - [ 2360  2357  2291  2366  2369  2264  2381  2378  2363  2333  ]
80 - [ 2387  2366  2360  2333  2393  2363  2384  2369  2381  2396  ]
81 - [ 2366  2428  2437  2393  2425  2414  2384  2333  2360  2423  ]
82 - [ 2455  2464  2443  2414  2333  2425  2469  2384  2437  2466  ]
83 - [ 2472  2466  2464  2384  2469  2437  2475  2493  2490  2414  ]
84 - [ 2514  2525  2469  2528  2493  2490  2502  2505  2466  2517  ]
85 - [ 2540  2514  2528  2490  2552  2517  2549  2555  2466  2505  ]
86 - [ 2490  2567  2582  2514  2570  2585  2576  2552  2505  2564  ]
87 - [ 2514  2597  2505  2567  2609  2618  2591  2600  2585  2552  ]
88 - [ 2591  2618  2514  2624  2585  2609  2567  2597  2636  2552  ]
89 - [ 2597  2654  2567  2591  2675  2660  2552  2636  2678  2666  ]
90 - [ 2690  2681  2654  2567  2684  2666  2692  2552  2698  2695  ]
91 - [ 2716  2713  2681  2722  2698  2654  2666  2737  2552  2728  ]
92 - [ 2681  2654  2767  2758  2749  2755  2743  2761  2737  2666  ]
93 - [ 2775  2654  2743  2784  2778  2767  2737  2755  2772  2758  ]
94 - [ 2799  2811  2778  2737  2743  2808  2826  2654  2775  2755  ]
95 - [ 2856  2835  2844  2838  2654  2737  2808  2799  2743  2850  ]
96 - [ 2865  2654  2886  2799  2868  2880  2877  2856  2874  2844  ]
97 - [ 2856  2889  2892  2877  2799  2880  2916  2910  2874  2654  ]
98 - [ 2931  2892  2877  2910  2934  2943  2856  2880  2919  2922  ]
99 - [ 2967  2970  2964  2952  2973  2955  2892  2961  2958  2922  ]
