0 - [ 8  2  9  6  3  5  7  11  4  15  ]
1 - [ 3  2  17  28  8  19  25  21  6  22  ]
2 - [ 52  47  21  69  60  22  8  55  58  66  ]
3 - [ 58  97  60  8  82  66  83  47  94  80  ]
4 - [ 120  66  80  115  99  114  58  97  122  102  ]
5 - [ 97  99  140  148  115  125  102  137  80  131  ]
6 - [ 153  173  158  115  97  161  137  176  131  125  ]
7 - [ 97  202  188  125  176  161  199  158  191  185  ]
8 - [ 176  199  226  223  217  210  229  220  125  158  ]
9 - [ 125  256  254  210  258  240  234  217  223  235  ]
10 - [ 282  287  125  275  254  217  285  270  210  279  ]
11 - [ 282  217  314  298  270  254  296  311  301  275  ]
12 - [ 282  311  332  320  275  296  270  318  314  333  ]
13 - [ 350  282  314  341  318  355  343  275  348  346  ]
14 - [ 348  346  377  282  375  379  368  372  314  343  ]
15 - [ 282  343  368  391  411  395  398  377  393  375  ]
16 - [ 427  377  398  415  420  430  343  433  432  422  ]
17 - [ 464  446  432  459  465  452  422  457  427  440  ]
18 - [ 483  422  459  480  476  446  440  473  427  457  ]
19 - [ 476  446  427  495  473  422  440  504  493  512  ]
20 - [ 504  542  493  523  521  446  440  534  422  495  ]
21 - [ 493  521  565  569  504  562  566  553  547  563  ]
22 - [ 493  574  597  594  583  576  591  547  566  553  ]
23 - [ 547  553  621  612  591  615  594  566  608  625  ]
24 - [ 639  647  642  625  615  621  636  654  651  649  ]
25 - [ 672  647  636  651  656  679  676  671  621  642  ]
26 - [ 672  647  687  636  676  682  656  621  642  651  ]
27 - [ 656  726  710  676  716  707  642  732  729  636  ]
28 - [ 748  710  732  707  734  716  759  756  740  753  ]
29 - [ 748  764  740  780  732  766  710  784  753  782  ]
30 - [ 804  802  807  748  786  784  792  795  766  753  ]
31 - [ 784  786  811  827  804  830  825  795  792  817  ]
32 - [ 830  840  837  811  839  825  862  859  847  795  ]
33 - [ 795  839  874  883  878  865  825  840  847  880  ]
34 - [ 914  840  883  902  880  839  894  892  847  878  ]
35 - [ 914  878  937  943  932  894  929  931  935  883  ]
36 - [ 966  948  970  878  951  931  953  929  950  946  ]
37 - [ 948  929  989  979  992  972  981  977  950  946  ]
38 - [ 981  1002  997  972  977  992  1005  1000  948  1013  ]
39 - [ 1024  972  1027  1029  1034  1038  1046  1005  1040  1048  ]
40 - [ 1005  1054  1070  1057  1059  1050  1029  1052  1046  1034  ]
41 - [ 1070  1096  1052  1050  1081  1093  1083  1078  1085  1029  ]
42 - [ 1078  1109  1101  1081  1115  1050  1119  1107  1070  1093  ]
43 - [ 1119  1151  1109  1129  1137  1093  1148  1127  1135  1132  ]
44 - [ 1129  1161  1132  1137  1175  1093  1169  1153  1158  1171  ]
45 - [ 1161  1180  1188  1193  1132  1153  1175  1129  1171  1199  ]
46 - [ 1205  1171  1232  1220  1180  1153  1175  1211  1226  1229  ]
47 - [ 1232  1226  1249  1229  1255  1175  1239  1180  1205  1236  ]
48 - [ 1266  1229  1273  1280  1249  1276  1232  1278  1236  1180  ]
49 - [ 1273  1284  1306  1232  1300  1289  1298  1295  1309  1286  ]
50 - [ 1312  1300  1309  1336  1317  1333  1232  1298  1295  1284  ]
51 - [ 1284  1356  1298  1342  1333  1362  1232  1339  1300  1295  ]
52 - [ 1342  1379  1362  1284  1377  1300  1232  1295  1333  1372  ]
53 - [ 1401  1377  1232  1295  1372  1406  1390  1379  1284  1403  ]
54 - [ 1284  1434  1379  1429  1424  1416  1421  1437  1431  1440  ]
55 - [ 1444  1446  1458  1431  1440  1434  1429  1464  1379  1424  ]
56 - [ 1482  1477  1446  1458  1444  1470  1475  1434  1464  1472  ]
57 - [ 1458  1477  1475  1516  1464  1444  1472  1505  1498  1496  ]
58 - [ 1477  1444  1464  1532  1472  1537  1496  1498  1535  1526  ]
59 - [ 1496  1567  1564  1535  1550  1464  1562  1444  1477  1548  ]
60 - [ 1573  1571  1550  1567  1548  1578  1575  1591  1444  1477  ]
61 - [ 1600  1611  1573  1550  1602  1444  1616  1477  1597  1609  ]
62 - [ 1550  1597  1635  1611  1619  1626  1621  1639  1477  1623  ]
63 - [ 1621  1652  1662  1642  1656  1645  1667  1659  1619  1665  ]
64 - [ 1662  1683  1645  1691  1642  1686  1667  1665  1652  1689  ]
65 - [ 1711  1691  1695  1689  1665  1700  1706  1702  1667  1662  ]
66 - [ 1700  1727  1711  1706  1729  1689  1717  1736  1725  1722  ]
67 - [ 1706  1750  1760  1725  1736  1759  1755  1763  1729  1740  ]
68 - [ 1729  1760  1788  1782  1725  1774  1771  1773  1740  1785  ]
69 - [ 1798  1771  1785  1740  1760  1788  1811  1800  1795  1814  ]
70 - [ 1785  1832  1822  1814  1825  1788  1828  1800  1833  1837  ]
71 - [ 1864  1828  1825  1851  1854  1868  1871  1800  1857  1788  ]
72 - [ 1851  1886  1857  1864  1871  1883  1800  1881  1894  1878  ]
73 - [ 1857  1899  1917  1907  1920  1910  1902  1886  1871  1851  ]
74 - [ 1930  1902  1939  1936  1907  1925  1910  1928  1947  1933  ]
75 - [ 1928  1930  1960  1962  1907  1965  1976  1939  1910  1925  ]
76 - [ 1991  1996  1939  1965  1960  2000  1925  1976  1984  1930  ]
77 - [ 2012  1925  2019  2000  2022  2014  1991  1960  2017  1976  ]
78 - [ 2019  2012  2045  1976  2047  2031  1991  2044  2028  2039  ]
79 - [ 2012  2056  2064  2045  2069  2052  2028  2044  2062  1991  ]
80 - [ 2044  2078  2084  2064  2069  2052  2092  2076  2089  2062  ]
81 - [ 2113  2069  2115  2103  2062  2084  2044  2097  2106  2076  ]
82 - [ 2120  2134  2122  2076  2131  2129  2069  2127  2139  2106  ]
83 - [ 2146  2127  2161  2106  2129  2143  2122  2158  2131  2165  ]
84 - [ 2179  2183  2129  2168  2127  2181  2165  2122  2158  2187  ]
85 - [ 2191  2199  2196  2129  2127  2194  2181  2208  2206  2158  ]
86 - [ 2208  2228  2216  2234  2191  2219  2181  2194  2240  2237  ]
87 - [ 2265  2263  2258  2234  2246  2194  2219  2237  2191  2250  ]
88 - [ 2234  2268  2294  2191  2286  2274  2194  2246  2265  2291  ]
89 - [ 2302  2297  2309  2319  2268  2307  2286  2265  2246  2312  ]
90 - [ 2331  2326  2307  2286  2336  2340  2342  2309  2334  2312  ]
91 - [ 2334  2361  2363  2312  2358  2351  2348  2307  2342  2354  ]
92 - [ 2334  2382  2392  2377  2361  2307  2348  2358  2368  2354  ]
93 - [ 2400  2382  2397  2361  2377  2368  2348  2415  2392  2307  ]
94 - [ 2392  2382  2445  2400  2424  2440  2422  2361  2433  2444  ]
95 - [ 2422  2461  2468  2447  2450  2361  2440  2382  2392  2452  ]
96 - [ 2474  2361  2468  2422  2440  2479  2452  2484  2481  2487  ]
97 - [ 2498  2422  2440  2513  2484  2361  2452  2507  2481  2493  ]
98 - [ 2440  2529  2484  2517  2422  2513  2519  2534  2361  2522  ]
99 - [ 2564  2542  2517  2522  2519  2548  2361  2534  2440  2557  ]
